,id,xPos,yPos,fitness,A,foodFlag,nestFlag,pRepeat,pTarget,pPhero,timeForFood,timeForNest,deadFlag,timestep
0,629,0,0,0.09523809523809523,6,0,0,0.31982029847420224,0.2663511329167136,0.4138285686090841,0,0,False,0
0,634,0,0,0.2619047619047619,2,0,0,0.41332975144267053,0.07788575234931593,0.5087844962080135,0,0,False,0
0,638,0,0,0.0,2,0,0,0.359368272707221,0.3723245499825282,0.2683071773102507,0,0,False,0
0,639,0,0,0.0,2,0,0,0.3491242163908625,0.378278225855095,0.2725975577540424,0,0,False,0
0,640,0,0,0.0,2,0,0,0.366891430548758,0.3679522152409527,0.2651563542102894,0,0,False,0
0,641,0,0,0.09523809523809523,6,0,0,0.3165734144140244,0.2737992930981174,0.4096272924878581,0,0,False,0
0,642,0,0,0.2619047619047619,2,0,0,0.4158531088941706,0.07225629100562546,0.5118906001002039,0,0,False,0
0,643,0,0,0.2619047619047619,2,0,0,0.43057972385662646,0.08113624925832504,0.4882840268850485,0,0,False,0
0,644,0,0,0.2619047619047619,2,0,0,0.42911914076412166,0.07578956889794514,0.49509129033793337,0,0,False,0
0,645,0,0,0.0,2,0,0,0.3612439768044141,0.36904843046191477,0.2697075927336712,0,0,False,0
0,629,1,0,0.09523809523809523,6,0,0,0.31982029847420224,0.2663511329167136,0.4138285686090841,0,0,False,1
0,634,0,1,0.2619047619047619,2,0,0,0.41332975144267053,0.07788575234931593,0.5087844962080135,0,0,False,1
0,638,0,1,0.0,2,0,0,0.359368272707221,0.3723245499825282,0.2683071773102507,0,0,False,1
0,639,1,0,0.0,2,0,0,0.3491242163908625,0.378278225855095,0.2725975577540424,0,0,False,1
0,640,1,0,0.0,2,0,0,0.366891430548758,0.3679522152409527,0.2651563542102894,0,0,False,1
0,641,0,1,0.09523809523809523,6,0,0,0.3165734144140244,0.2737992930981174,0.4096272924878581,0,0,False,1
0,642,0,1,0.2619047619047619,2,0,0,0.4158531088941706,0.07225629100562546,0.5118906001002039,0,0,False,1
0,643,0,1,0.2619047619047619,2,0,0,0.43057972385662646,0.08113624925832504,0.4882840268850485,0,0,False,1
0,644,0,1,0.2619047619047619,2,0,0,0.42911914076412166,0.07578956889794514,0.49509129033793337,0,0,False,1
0,645,1,0,0.0,2,0,0,0.3612439768044141,0.36904843046191477,0.2697075927336712,0,0,False,1
0,629,1,1,0.09523809523809523,6,0,0,0.31982029847420224,0.2663511329167136,0.4138285686090841,0,0,False,2
0,634,1,1,0.2619047619047619,2,0,0,0.41332975144267053,0.07788575234931593,0.5087844962080135,0,0,False,2
0,638,1,1,0.0,2,0,0,0.359368272707221,0.3723245499825282,0.2683071773102507,0,0,False,2
0,639,1,1,0.0,2,0,0,0.3491242163908625,0.378278225855095,0.2725975577540424,0,0,False,2
0,640,2,0,0.0,2,0,0,0.366891430548758,0.3679522152409527,0.2651563542102894,0,0,False,2
0,641,1,1,0.09523809523809523,6,0,0,0.3165734144140244,0.2737992930981174,0.4096272924878581,0,0,False,2
0,642,0,2,0.2619047619047619,2,0,0,0.4158531088941706,0.07225629100562546,0.5118906001002039,0,0,False,2
0,643,0,2,0.2619047619047619,2,0,0,0.43057972385662646,0.08113624925832504,0.4882840268850485,0,0,False,2
0,644,1,1,0.2619047619047619,2,0,0,0.42911914076412166,0.07578956889794514,0.49509129033793337,0,0,False,2
0,645,1,1,0.0,2,0,0,0.3612439768044141,0.36904843046191477,0.2697075927336712,0,0,False,2
0,629,0,1,0.09523809523809523,6,0,0,0.31982029847420224,0.2663511329167136,0.4138285686090841,0,0,False,3
0,634,1,0,0.2619047619047619,2,0,0,0.41332975144267053,0.07788575234931593,0.5087844962080135,0,0,False,3
0,638,1,0,0.0,2,0,0,0.359368272707221,0.3723245499825282,0.2683071773102507,0,0,False,3
0,639,0,1,0.0,2,0,0,0.3491242163908625,0.378278225855095,0.2725975577540424,0,0,False,3
0,640,2,1,0.0,2,0,0,0.366891430548758,0.3679522152409527,0.2651563542102894,0,0,False,3
0,641,1,0,0.09523809523809523,6,0,0,0.3165734144140244,0.2737992930981174,0.4096272924878581,0,0,False,3
0,642,1,2,0.2619047619047619,2,0,0,0.4158531088941706,0.07225629100562546,0.5118906001002039,0,0,False,3
0,643,0,3,0.2619047619047619,2,0,0,0.43057972385662646,0.08113624925832504,0.4882840268850485,0,0,False,3
0,644,1,0,0.2619047619047619,2,0,0,0.42911914076412166,0.07578956889794514,0.49509129033793337,0,0,False,3
0,645,0,1,0.0,2,0,0,0.3612439768044141,0.36904843046191477,0.2697075927336712,0,0,False,3
0,629,0,0,0.09523809523809523,6,0,0,0.31982029847420224,0.2663511329167136,0.4138285686090841,0,0,False,4
0,634,0,0,0.2619047619047619,2,0,0,0.41332975144267053,0.07788575234931593,0.5087844962080135,0,0,False,4
0,638,2,0,0.0,2,0,0,0.359368272707221,0.3723245499825282,0.2683071773102507,0,0,False,4
0,639,0,0,0.0,2,0,0,0.3491242163908625,0.378278225855095,0.2725975577540424,0,0,False,4
0,640,1,1,0.0,2,0,0,0.366891430548758,0.3679522152409527,0.2651563542102894,0,0,False,4
0,641,0,0,0.09523809523809523,6,0,0,0.3165734144140244,0.2737992930981174,0.4096272924878581,0,0,False,4
0,642,1,1,0.2619047619047619,2,0,0,0.4158531088941706,0.07225629100562546,0.5118906001002039,0,0,False,4
0,643,0,4,0.2619047619047619,2,0,0,0.43057972385662646,0.08113624925832504,0.4882840268850485,0,0,False,4
0,644,0,0,0.2619047619047619,2,0,0,0.42911914076412166,0.07578956889794514,0.49509129033793337,0,0,False,4
0,645,0,0,0.0,2,0,0,0.3612439768044141,0.36904843046191477,0.2697075927336712,0,0,False,4
0,629,1,0,0.09523809523809523,6,0,0,0.31982029847420224,0.2663511329167136,0.4138285686090841,0,0,False,5
0,634,0,1,0.2619047619047619,2,0,0,0.41332975144267053,0.07788575234931593,0.5087844962080135,0,0,False,5
0,638,2,1,0.0,2,0,0,0.359368272707221,0.3723245499825282,0.2683071773102507,0,0,False,5
0,639,1,0,0.0,2,0,0,0.3491242163908625,0.378278225855095,0.2725975577540424,0,0,False,5
0,640,0,1,0.0,2,0,0,0.366891430548758,0.3679522152409527,0.2651563542102894,0,0,False,5
0,641,0,1,0.09523809523809523,6,0,0,0.3165734144140244,0.2737992930981174,0.4096272924878581,0,0,False,5
0,642,1,0,0.2619047619047619,2,0,0,0.4158531088941706,0.07225629100562546,0.5118906001002039,0,0,False,5
0,643,0,5,0.2619047619047619,2,0,0,0.43057972385662646,0.08113624925832504,0.4882840268850485,0,0,False,5
0,644,0,1,0.2619047619047619,2,0,0,0.42911914076412166,0.07578956889794514,0.49509129033793337,0,0,False,5
0,645,1,0,0.0,2,0,0,0.3612439768044141,0.36904843046191477,0.2697075927336712,0,0,False,5
0,629,1,1,0.09523809523809523,6,0,0,0.31982029847420224,0.2663511329167136,0.4138285686090841,0,0,False,6
0,634,1,1,0.2619047619047619,2,0,0,0.41332975144267053,0.07788575234931593,0.5087844962080135,0,0,False,6
0,638,1,1,0.0,2,0,0,0.359368272707221,0.3723245499825282,0.2683071773102507,0,0,False,6
0,639,2,0,0.0,2,0,0,0.3491242163908625,0.378278225855095,0.2725975577540424,0,0,False,6
0,640,0,0,0.0,2,0,0,0.366891430548758,0.3679522152409527,0.2651563542102894,0,0,False,6
0,641,1,1,0.09523809523809523,6,0,0,0.3165734144140244,0.2737992930981174,0.4096272924878581,0,0,False,6
0,642,2,0,0.2619047619047619,2,0,0,0.4158531088941706,0.07225629100562546,0.5118906001002039,0,0,False,6
0,643,0,6,0.2619047619047619,2,0,0,0.43057972385662646,0.08113624925832504,0.4882840268850485,0,0,False,6
0,644,1,1,0.2619047619047619,2,0,0,0.42911914076412166,0.07578956889794514,0.49509129033793337,0,0,False,6
0,645,1,1,0.0,2,0,0,0.3612439768044141,0.36904843046191477,0.2697075927336712,0,0,False,6
0,629,0,1,0.09523809523809523,6,0,0,0.31982029847420224,0.2663511329167136,0.4138285686090841,0,0,False,7
0,634,2,1,0.2619047619047619,2,0,0,0.41332975144267053,0.07788575234931593,0.5087844962080135,0,0,False,7
0,638,0,1,0.0,2,0,0,0.359368272707221,0.3723245499825282,0.2683071773102507,0,0,False,7
0,639,3,0,0.0,2,0,0,0.3491242163908625,0.378278225855095,0.2725975577540424,0,0,False,7
0,640,1,0,0.0,2,0,0,0.366891430548758,0.3679522152409527,0.2651563542102894,0,0,False,7
0,641,2,1,0.09523809523809523,6,0,0,0.3165734144140244,0.2737992930981174,0.4096272924878581,0,0,False,7
0,642,2,1,0.2619047619047619,2,0,0,0.4158531088941706,0.07225629100562546,0.5118906001002039,0,0,False,7
0,643,0,7,0.2619047619047619,2,0,0,0.43057972385662646,0.08113624925832504,0.4882840268850485,0,0,False,7
0,644,1,0,0.2619047619047619,2,0,0,0.42911914076412166,0.07578956889794514,0.49509129033793337,0,0,False,7
0,645,2,1,0.0,2,0,0,0.3612439768044141,0.36904843046191477,0.2697075927336712,0,0,False,7
0,629,0,0,0.09523809523809523,6,0,0,0.31982029847420224,0.2663511329167136,0.4138285686090841,0,0,False,8
0,634,3,1,0.2619047619047619,2,0,0,0.41332975144267053,0.07788575234931593,0.5087844962080135,0,0,False,8
0,638,0,2,0.0,2,0,0,0.359368272707221,0.3723245499825282,0.2683071773102507,0,0,False,8
0,639,4,0,0.0,2,0,0,0.3491242163908625,0.378278225855095,0.2725975577540424,0,0,False,8
0,640,2,0,0.0,2,0,0,0.366891430548758,0.3679522152409527,0.2651563542102894,0,0,False,8
0,641,2,2,0.09523809523809523,6,0,0,0.3165734144140244,0.2737992930981174,0.4096272924878581,0,0,False,8
0,642,1,1,0.2619047619047619,2,0,0,0.4158531088941706,0.07225629100562546,0.5118906001002039,0,0,False,8
0,643,0,8,0.2619047619047619,2,0,0,0.43057972385662646,0.08113624925832504,0.4882840268850485,0,0,False,8
0,644,0,0,0.2619047619047619,2,0,0,0.42911914076412166,0.07578956889794514,0.49509129033793337,0,0,False,8
0,645,2,0,0.0,2,0,0,0.3612439768044141,0.36904843046191477,0.2697075927336712,0,0,False,8
0,629,1,0,0.09523809523809523,6,0,0,0.31982029847420224,0.2663511329167136,0.4138285686090841,0,0,False,9
0,634,3,2,0.2619047619047619,2,0,0,0.41332975144267053,0.07788575234931593,0.5087844962080135,0,0,False,9
0,638,0,3,0.0,2,0,0,0.359368272707221,0.3723245499825282,0.2683071773102507,0,0,False,9
0,639,5,0,0.0,2,0,0,0.3491242163908625,0.378278225855095,0.2725975577540424,0,0,False,9
0,640,2,1,0.0,2,0,0,0.366891430548758,0.3679522152409527,0.2651563542102894,0,0,False,9
0,641,3,2,0.09523809523809523,6,0,0,0.3165734144140244,0.2737992930981174,0.4096272924878581,0,0,False,9
0,642,1,2,0.2619047619047619,2,0,0,0.4158531088941706,0.07225629100562546,0.5118906001002039,0,0,False,9
0,643,1,8,0.2619047619047619,2,0,0,0.43057972385662646,0.08113624925832504,0.4882840268850485,0,0,False,9
0,644,0,1,0.2619047619047619,2,0,0,0.42911914076412166,0.07578956889794514,0.49509129033793337,0,0,False,9
0,645,1,0,0.0,2,0,0,0.3612439768044141,0.36904843046191477,0.2697075927336712,0,0,False,9
0,629,1,1,0.09523809523809523,6,0,0,0.31982029847420224,0.2663511329167136,0.4138285686090841,0,0,False,10
0,634,3,3,0.2619047619047619,2,0,0,0.41332975144267053,0.07788575234931593,0.5087844962080135,0,0,False,10
0,638,1,3,0.0,2,0,0,0.359368272707221,0.3723245499825282,0.2683071773102507,0,0,False,10
0,639,6,0,0.0,2,0,0,0.3491242163908625,0.378278225855095,0.2725975577540424,0,0,False,10
0,640,2,2,0.0,2,0,0,0.366891430548758,0.3679522152409527,0.2651563542102894,0,0,False,10
0,641,3,1,0.09523809523809523,6,0,0,0.3165734144140244,0.2737992930981174,0.4096272924878581,0,0,False,10
0,642,2,2,0.2619047619047619,2,0,0,0.4158531088941706,0.07225629100562546,0.5118906001002039,0,0,False,10
0,643,2,8,0.2619047619047619,2,0,0,0.43057972385662646,0.08113624925832504,0.4882840268850485,0,0,False,10
0,644,0,2,0.2619047619047619,2,0,0,0.42911914076412166,0.07578956889794514,0.49509129033793337,0,0,False,10
0,645,0,0,0.0,2,0,0,0.3612439768044141,0.36904843046191477,0.2697075927336712,0,0,False,10
0,629,2,1,0.09523809523809523,6,0,0,0.31982029847420224,0.2663511329167136,0.4138285686090841,0,0,False,11
0,634,3,4,0.2619047619047619,2,0,0,0.41332975144267053,0.07788575234931593,0.5087844962080135,0,0,False,11
0,638,2,3,0.0,2,0,0,0.359368272707221,0.3723245499825282,0.2683071773102507,0,0,False,11
0,639,7,0,0.0,2,0,0,0.3491242163908625,0.378278225855095,0.2725975577540424,0,0,False,11
0,640,2,3,0.0,2,0,0,0.366891430548758,0.3679522152409527,0.2651563542102894,0,0,False,11
0,641,4,1,0.09523809523809523,6,0,0,0.3165734144140244,0.2737992930981174,0.4096272924878581,0,0,False,11
0,642,2,3,0.2619047619047619,2,0,0,0.4158531088941706,0.07225629100562546,0.5118906001002039,0,0,False,11
0,643,2,7,0.2619047619047619,2,0,0,0.43057972385662646,0.08113624925832504,0.4882840268850485,0,0,False,11
0,644,0,3,0.2619047619047619,2,0,0,0.42911914076412166,0.07578956889794514,0.49509129033793337,0,0,False,11
0,645,0,1,0.0,2,0,0,0.3612439768044141,0.36904843046191477,0.2697075927336712,0,0,False,11
0,629,2,0,0.09523809523809523,6,0,0,0.31982029847420224,0.2663511329167136,0.4138285686090841,0,0,False,12
0,634,2,4,0.2619047619047619,2,0,0,0.41332975144267053,0.07788575234931593,0.5087844962080135,0,0,False,12
0,638,3,3,0.0,2,0,0,0.359368272707221,0.3723245499825282,0.2683071773102507,0,0,False,12
0,639,7,1,0.0,2,0,0,0.3491242163908625,0.378278225855095,0.2725975577540424,0,0,False,12
0,640,2,4,0.0,2,0,0,0.366891430548758,0.3679522152409527,0.2651563542102894,0,0,False,12
0,641,5,1,0.09523809523809523,6,0,0,0.3165734144140244,0.2737992930981174,0.4096272924878581,0,0,False,12
0,642,3,3,0.2619047619047619,2,0,0,0.4158531088941706,0.07225629100562546,0.5118906001002039,0,0,False,12
0,643,2,6,0.2619047619047619,2,0,0,0.43057972385662646,0.08113624925832504,0.4882840268850485,0,0,False,12
0,644,1,3,0.2619047619047619,2,0,0,0.42911914076412166,0.07578956889794514,0.49509129033793337,0,0,False,12
0,645,1,1,0.0,2,0,0,0.3612439768044141,0.36904843046191477,0.2697075927336712,0,0,False,12
0,629,3,0,0.09523809523809523,6,0,0,0.31982029847420224,0.2663511329167136,0.4138285686090841,0,0,False,13
0,634,1,4,0.2619047619047619,2,0,0,0.41332975144267053,0.07788575234931593,0.5087844962080135,0,0,False,13
0,638,4,3,0.0,2,0,0,0.359368272707221,0.3723245499825282,0.2683071773102507,0,0,False,13
0,639,8,1,0.0,2,0,0,0.3491242163908625,0.378278225855095,0.2725975577540424,0,0,False,13
0,640,2,5,0.0,2,0,0,0.366891430548758,0.3679522152409527,0.2651563542102894,0,0,False,13
0,641,5,2,0.09523809523809523,6,0,0,0.3165734144140244,0.2737992930981174,0.4096272924878581,0,0,False,13
0,642,4,3,0.2619047619047619,2,0,0,0.4158531088941706,0.07225629100562546,0.5118906001002039,0,0,False,13
0,643,2,5,0.2619047619047619,2,0,0,0.43057972385662646,0.08113624925832504,0.4882840268850485,0,0,False,13
0,644,1,2,0.2619047619047619,2,0,0,0.42911914076412166,0.07578956889794514,0.49509129033793337,0,0,False,13
0,645,2,1,0.0,2,0,0,0.3612439768044141,0.36904843046191477,0.2697075927336712,0,0,False,13
0,629,3,1,0.09523809523809523,6,0,0,0.31982029847420224,0.2663511329167136,0.4138285686090841,0,0,False,14
0,634,0,4,0.2619047619047619,2,0,0,0.41332975144267053,0.07788575234931593,0.5087844962080135,0,0,False,14
0,638,5,3,0.0,2,0,0,0.359368272707221,0.3723245499825282,0.2683071773102507,0,0,False,14
0,639,9,1,0.0,2,0,0,0.3491242163908625,0.378278225855095,0.2725975577540424,0,0,False,14
0,640,3,5,0.0,2,0,0,0.366891430548758,0.3679522152409527,0.2651563542102894,0,0,False,14
0,641,6,2,0.09523809523809523,6,0,0,0.3165734144140244,0.2737992930981174,0.4096272924878581,0,0,False,14
0,642,5,3,0.2619047619047619,2,0,0,0.4158531088941706,0.07225629100562546,0.5118906001002039,0,0,False,14
0,643,2,4,0.2619047619047619,2,0,0,0.43057972385662646,0.08113624925832504,0.4882840268850485,0,0,False,14
0,644,1,1,0.2619047619047619,2,0,0,0.42911914076412166,0.07578956889794514,0.49509129033793337,0,0,False,14
0,645,2,2,0.0,2,0,0,0.3612439768044141,0.36904843046191477,0.2697075927336712,0,0,False,14
0,629,2,1,0.09523809523809523,6,0,0,0.31982029847420224,0.2663511329167136,0.4138285686090841,0,0,False,15
0,634,0,5,0.2619047619047619,2,0,0,0.41332975144267053,0.07788575234931593,0.5087844962080135,0,0,False,15
0,638,6,3,0.0,2,0,0,0.359368272707221,0.3723245499825282,0.2683071773102507,0,0,False,15
0,639,9,2,0.0,2,0,0,0.3491242163908625,0.378278225855095,0.2725975577540424,0,0,False,15
0,640,4,5,0.0,2,0,0,0.366891430548758,0.3679522152409527,0.2651563542102894,0,0,False,15
0,641,6,1,0.09523809523809523,6,0,0,0.3165734144140244,0.2737992930981174,0.4096272924878581,0,0,False,15
0,642,6,3,0.2619047619047619,2,0,0,0.4158531088941706,0.07225629100562546,0.5118906001002039,0,0,False,15
0,643,2,3,0.2619047619047619,2,0,0,0.43057972385662646,0.08113624925832504,0.4882840268850485,0,0,False,15
0,644,2,1,0.2619047619047619,2,0,0,0.42911914076412166,0.07578956889794514,0.49509129033793337,0,0,False,15
0,645,2,3,0.0,2,0,0,0.3612439768044141,0.36904843046191477,0.2697075927336712,0,0,False,15
0,629,2,2,0.09523809523809523,6,0,0,0.31982029847420224,0.2663511329167136,0.4138285686090841,0,0,False,16
0,634,0,6,0.2619047619047619,2,0,0,0.41332975144267053,0.07788575234931593,0.5087844962080135,0,0,False,16
0,638,7,3,0.0,2,0,0,0.359368272707221,0.3723245499825282,0.2683071773102507,0,0,False,16
0,639,9,3,0.0,2,0,0,0.3491242163908625,0.378278225855095,0.2725975577540424,0,0,False,16
0,640,5,5,0.0,2,0,0,0.366891430548758,0.3679522152409527,0.2651563542102894,0,0,False,16
0,641,6,0,0.09523809523809523,6,0,0,0.3165734144140244,0.2737992930981174,0.4096272924878581,0,0,False,16
0,642,7,3,0.2619047619047619,2,0,0,0.4158531088941706,0.07225629100562546,0.5118906001002039,0,0,False,16
0,643,2,2,0.2619047619047619,2,0,0,0.43057972385662646,0.08113624925832504,0.4882840268850485,0,0,False,16
0,644,3,1,0.2619047619047619,2,0,0,0.42911914076412166,0.07578956889794514,0.49509129033793337,0,0,False,16
0,645,2,4,0.0,2,0,0,0.3612439768044141,0.36904843046191477,0.2697075927336712,0,0,False,16
0,629,1,2,0.09523809523809523,6,0,0,0.31982029847420224,0.2663511329167136,0.4138285686090841,0,0,False,17
0,634,0,7,0.2619047619047619,2,0,0,0.41332975144267053,0.07788575234931593,0.5087844962080135,0,0,False,17
0,638,8,3,0.0,2,0,0,0.359368272707221,0.3723245499825282,0.2683071773102507,0,0,False,17
0,639,9,4,0.0,2,0,0,0.3491242163908625,0.378278225855095,0.2725975577540424,0,0,False,17
0,640,6,5,0.0,2,0,0,0.366891430548758,0.3679522152409527,0.2651563542102894,0,0,False,17
0,641,5,0,0.09523809523809523,6,0,0,0.3165734144140244,0.2737992930981174,0.4096272924878581,0,0,False,17
0,642,7,2,0.2619047619047619,2,0,0,0.4158531088941706,0.07225629100562546,0.5118906001002039,0,0,False,17
0,643,2,1,0.2619047619047619,2,0,0,0.43057972385662646,0.08113624925832504,0.4882840268850485,0,0,False,17
0,644,3,2,0.2619047619047619,2,0,0,0.42911914076412166,0.07578956889794514,0.49509129033793337,0,0,False,17
0,645,1,4,0.0,2,0,0,0.3612439768044141,0.36904843046191477,0.2697075927336712,0,0,False,17
0,629,1,3,0.09523809523809523,6,0,0,0.31982029847420224,0.2663511329167136,0.4138285686090841,0,0,False,18
0,634,1,7,0.2619047619047619,2,0,0,0.41332975144267053,0.07788575234931593,0.5087844962080135,0,0,False,18
0,638,9,3,0.0,2,0,0,0.359368272707221,0.3723245499825282,0.2683071773102507,0,0,False,18
0,639,10,4,0.0,2,0,0,0.3491242163908625,0.378278225855095,0.2725975577540424,0,0,False,18
0,640,7,5,0.0,2,0,0,0.366891430548758,0.3679522152409527,0.2651563542102894,0,0,False,18
0,641,4,0,0.09523809523809523,6,0,0,0.3165734144140244,0.2737992930981174,0.4096272924878581,0,0,False,18
0,642,7,1,0.2619047619047619,2,0,0,0.4158531088941706,0.07225629100562546,0.5118906001002039,0,0,False,18
0,643,2,0,0.2619047619047619,2,0,0,0.43057972385662646,0.08113624925832504,0.4882840268850485,0,0,False,18
0,644,2,2,0.2619047619047619,2,0,0,0.42911914076412166,0.07578956889794514,0.49509129033793337,0,0,False,18
0,645,1,3,0.0,2,0,0,0.3612439768044141,0.36904843046191477,0.2697075927336712,0,0,False,18
0,629,1,4,0.09523809523809523,6,0,0,0.31982029847420224,0.2663511329167136,0.4138285686090841,0,0,False,19
0,634,1,6,0.2619047619047619,2,0,0,0.41332975144267053,0.07788575234931593,0.5087844962080135,0,0,False,19
0,638,10,3,0.0,2,0,0,0.359368272707221,0.3723245499825282,0.2683071773102507,0,0,False,19
0,639,11,4,0.0,2,0,0,0.3491242163908625,0.378278225855095,0.2725975577540424,0,0,False,19
0,640,8,5,0.0,2,0,0,0.366891430548758,0.3679522152409527,0.2651563542102894,0,0,False,19
0,641,3,0,0.09523809523809523,6,0,0,0.3165734144140244,0.2737992930981174,0.4096272924878581,0,0,False,19
0,642,6,1,0.2619047619047619,2,0,0,0.4158531088941706,0.07225629100562546,0.5118906001002039,0,0,False,19
0,643,3,0,0.2619047619047619,2,0,0,0.43057972385662646,0.08113624925832504,0.4882840268850485,0,0,False,19
0,644,1,2,0.2619047619047619,2,0,0,0.42911914076412166,0.07578956889794514,0.49509129033793337,0,0,False,19
0,645,2,3,0.0,2,0,0,0.3612439768044141,0.36904843046191477,0.2697075927336712,0,0,False,19
0,629,0,4,0.09523809523809523,6,0,0,0.31982029847420224,0.2663511329167136,0.4138285686090841,0,0,False,20
0,634,1,5,0.2619047619047619,2,0,0,0.41332975144267053,0.07788575234931593,0.5087844962080135,0,0,False,20
0,638,11,3,0.0,2,0,0,0.359368272707221,0.3723245499825282,0.2683071773102507,0,0,False,20
0,639,12,4,0.0,2,0,0,0.3491242163908625,0.378278225855095,0.2725975577540424,0,0,False,20
0,640,9,5,0.0,2,0,0,0.366891430548758,0.3679522152409527,0.2651563542102894,0,0,False,20
0,641,3,1,0.09523809523809523,6,0,0,0.3165734144140244,0.2737992930981174,0.4096272924878581,0,0,False,20
0,642,6,0,0.2619047619047619,2,0,0,0.4158531088941706,0.07225629100562546,0.5118906001002039,0,0,False,20
0,643,3,1,0.2619047619047619,2,0,0,0.43057972385662646,0.08113624925832504,0.4882840268850485,0,0,False,20
0,644,1,3,0.2619047619047619,2,0,0,0.42911914076412166,0.07578956889794514,0.49509129033793337,0,0,False,20
0,645,3,3,0.0,2,0,0,0.3612439768044141,0.36904843046191477,0.2697075927336712,0,0,False,20
0,629,0,3,0.09523809523809523,6,0,0,0.31982029847420224,0.2663511329167136,0.4138285686090841,0,0,False,21
0,634,1,4,0.2619047619047619,2,0,0,0.41332975144267053,0.07788575234931593,0.5087844962080135,0,0,False,21
0,638,11,2,0.0,2,0,0,0.359368272707221,0.3723245499825282,0.2683071773102507,0,0,False,21
0,639,12,3,0.0,2,0,0,0.3491242163908625,0.378278225855095,0.2725975577540424,0,0,False,21
0,640,10,5,0.0,2,0,0,0.366891430548758,0.3679522152409527,0.2651563542102894,0,0,False,21
0,641,3,2,0.09523809523809523,6,0,0,0.3165734144140244,0.2737992930981174,0.4096272924878581,0,0,False,21
0,642,5,0,0.2619047619047619,2,0,0,0.4158531088941706,0.07225629100562546,0.5118906001002039,0,0,False,21
0,643,4,1,0.2619047619047619,2,0,0,0.43057972385662646,0.08113624925832504,0.4882840268850485,0,0,False,21
0,644,1,4,0.2619047619047619,2,0,0,0.42911914076412166,0.07578956889794514,0.49509129033793337,0,0,False,21
0,645,4,3,0.0,2,0,0,0.3612439768044141,0.36904843046191477,0.2697075927336712,0,0,False,21
0,629,1,3,0.09523809523809523,6,0,0,0.31982029847420224,0.2663511329167136,0.4138285686090841,0,0,False,22
0,634,1,3,0.2619047619047619,2,0,0,0.41332975144267053,0.07788575234931593,0.5087844962080135,0,0,False,22
0,638,11,1,0.0,2,0,0,0.359368272707221,0.3723245499825282,0.2683071773102507,0,0,False,22
0,639,13,3,0.0,2,0,0,0.3491242163908625,0.378278225855095,0.2725975577540424,0,0,False,22
0,640,11,5,0.0,2,0,0,0.366891430548758,0.3679522152409527,0.2651563542102894,0,0,False,22
0,641,3,3,0.09523809523809523,6,0,0,0.3165734144140244,0.2737992930981174,0.4096272924878581,0,0,False,22
0,642,5,1,0.2619047619047619,2,0,0,0.4158531088941706,0.07225629100562546,0.5118906001002039,0,0,False,22
0,643,5,1,0.2619047619047619,2,0,0,0.43057972385662646,0.08113624925832504,0.4882840268850485,0,0,False,22
0,644,0,4,0.2619047619047619,2,0,0,0.42911914076412166,0.07578956889794514,0.49509129033793337,0,0,False,22
0,645,5,3,0.0,2,0,0,0.3612439768044141,0.36904843046191477,0.2697075927336712,0,0,False,22
0,629,1,2,0.09523809523809523,6,0,0,0.31982029847420224,0.2663511329167136,0.4138285686090841,0,0,False,23
0,634,1,2,0.2619047619047619,2,0,0,0.41332975144267053,0.07788575234931593,0.5087844962080135,0,0,False,23
0,638,10,1,0.0,2,0,0,0.359368272707221,0.3723245499825282,0.2683071773102507,0,0,False,23
0,639,13,4,0.0,2,0,0,0.3491242163908625,0.378278225855095,0.2725975577540424,0,0,False,23
0,640,12,5,0.0,2,0,0,0.366891430548758,0.3679522152409527,0.2651563542102894,0,0,False,23
0,641,4,3,0.09523809523809523,6,0,0,0.3165734144140244,0.2737992930981174,0.4096272924878581,0,0,False,23
0,642,5,2,0.2619047619047619,2,0,0,0.4158531088941706,0.07225629100562546,0.5118906001002039,0,0,False,23
0,643,6,1,0.2619047619047619,2,0,0,0.43057972385662646,0.08113624925832504,0.4882840268850485,0,0,False,23
0,644,0,5,0.2619047619047619,2,0,0,0.42911914076412166,0.07578956889794514,0.49509129033793337,0,0,False,23
0,645,6,3,0.0,2,0,0,0.3612439768044141,0.36904843046191477,0.2697075927336712,0,0,False,23
0,629,1,1,0.09523809523809523,6,0,0,0.31982029847420224,0.2663511329167136,0.4138285686090841,0,0,False,24
0,634,0,2,0.2619047619047619,2,0,0,0.41332975144267053,0.07788575234931593,0.5087844962080135,0,0,False,24
0,638,10,2,0.0,2,0,0,0.359368272707221,0.3723245499825282,0.2683071773102507,0,0,False,24
0,639,13,5,0.0,2,0,0,0.3491242163908625,0.378278225855095,0.2725975577540424,0,0,False,24
0,640,12,6,0.0,2,0,0,0.366891430548758,0.3679522152409527,0.2651563542102894,0,0,False,24
0,641,4,4,0.09523809523809523,6,0,0,0.3165734144140244,0.2737992930981174,0.4096272924878581,0,0,False,24
0,642,5,3,0.2619047619047619,2,0,0,0.4158531088941706,0.07225629100562546,0.5118906001002039,0,0,False,24
0,643,7,1,0.2619047619047619,2,0,0,0.43057972385662646,0.08113624925832504,0.4882840268850485,0,0,False,24
0,644,0,6,0.2619047619047619,2,0,0,0.42911914076412166,0.07578956889794514,0.49509129033793337,0,0,False,24
0,645,7,3,0.0,2,0,0,0.3612439768044141,0.36904843046191477,0.2697075927336712,0,0,False,24
0,629,0,1,0.09523809523809523,6,0,0,0.31982029847420224,0.2663511329167136,0.4138285686090841,0,0,False,25
0,634,0,3,0.2619047619047619,2,0,0,0.41332975144267053,0.07788575234931593,0.5087844962080135,0,0,False,25
0,638,10,3,0.0,2,0,0,0.359368272707221,0.3723245499825282,0.2683071773102507,0,0,False,25
0,639,13,6,0.0,2,0,0,0.3491242163908625,0.378278225855095,0.2725975577540424,0,0,False,25
0,640,12,7,0.0,2,0,0,0.366891430548758,0.3679522152409527,0.2651563542102894,0,0,False,25
0,641,4,5,0.09523809523809523,6,0,0,0.3165734144140244,0.2737992930981174,0.4096272924878581,0,0,False,25
0,642,5,4,0.2619047619047619,2,0,0,0.4158531088941706,0.07225629100562546,0.5118906001002039,0,0,False,25
0,643,7,0,0.2619047619047619,2,0,0,0.43057972385662646,0.08113624925832504,0.4882840268850485,0,0,False,25
0,644,1,6,0.2619047619047619,2,0,0,0.42911914076412166,0.07578956889794514,0.49509129033793337,0,0,False,25
0,645,7,4,0.0,2,0,0,0.3612439768044141,0.36904843046191477,0.2697075927336712,0,0,False,25
0,629,0,2,0.09523809523809523,6,0,0,0.31982029847420224,0.2663511329167136,0.4138285686090841,0,0,False,26
0,634,0,4,0.2619047619047619,2,0,0,0.41332975144267053,0.07788575234931593,0.5087844962080135,0,0,False,26
0,638,10,4,0.0,2,0,0,0.359368272707221,0.3723245499825282,0.2683071773102507,0,0,False,26
0,639,13,7,0.0,2,0,0,0.3491242163908625,0.378278225855095,0.2725975577540424,0,0,False,26
0,640,13,7,0.0,2,0,0,0.366891430548758,0.3679522152409527,0.2651563542102894,0,0,False,26
0,641,4,6,0.09523809523809523,6,0,0,0.3165734144140244,0.2737992930981174,0.4096272924878581,0,0,False,26
0,642,5,5,0.2619047619047619,2,0,0,0.4158531088941706,0.07225629100562546,0.5118906001002039,0,0,False,26
0,643,6,0,0.2619047619047619,2,0,0,0.43057972385662646,0.08113624925832504,0.4882840268850485,0,0,False,26
0,644,1,5,0.2619047619047619,2,0,0,0.42911914076412166,0.07578956889794514,0.49509129033793337,0,0,False,26
0,645,7,5,0.0,2,0,0,0.3612439768044141,0.36904843046191477,0.2697075927336712,0,0,False,26
0,629,1,2,0.09523809523809523,6,0,0,0.31982029847420224,0.2663511329167136,0.4138285686090841,0,0,False,27
0,634,1,4,0.2619047619047619,2,0,0,0.41332975144267053,0.07788575234931593,0.5087844962080135,0,0,False,27
0,638,10,5,0.0,2,0,0,0.359368272707221,0.3723245499825282,0.2683071773102507,0,0,False,27
0,639,12,7,0.0,2,0,0,0.3491242163908625,0.378278225855095,0.2725975577540424,0,0,False,27
0,640,14,7,0.0,2,0,0,0.366891430548758,0.3679522152409527,0.2651563542102894,0,0,False,27
0,641,3,6,0.09523809523809523,6,0,0,0.3165734144140244,0.2737992930981174,0.4096272924878581,0,0,False,27
0,642,5,6,0.2619047619047619,2,0,0,0.4158531088941706,0.07225629100562546,0.5118906001002039,0,0,False,27
0,643,6,1,0.2619047619047619,2,0,0,0.43057972385662646,0.08113624925832504,0.4882840268850485,0,0,False,27
0,644,2,5,0.2619047619047619,2,0,0,0.42911914076412166,0.07578956889794514,0.49509129033793337,0,0,False,27
0,645,8,5,0.0,2,0,0,0.3612439768044141,0.36904843046191477,0.2697075927336712,0,0,False,27
0,629,2,2,0.09523809523809523,6,0,0,0.31982029847420224,0.2663511329167136,0.4138285686090841,0,0,False,28
0,634,1,5,0.2619047619047619,2,0,0,0.41332975144267053,0.07788575234931593,0.5087844962080135,0,0,False,28
0,638,10,6,0.0,2,0,0,0.359368272707221,0.3723245499825282,0.2683071773102507,0,0,False,28
0,639,12,8,0.0,2,0,0,0.3491242163908625,0.378278225855095,0.2725975577540424,0,0,False,28
0,640,15,7,0.0,2,0,0,0.366891430548758,0.3679522152409527,0.2651563542102894,0,0,False,28
0,641,2,6,0.09523809523809523,6,0,0,0.3165734144140244,0.2737992930981174,0.4096272924878581,0,0,False,28
0,642,5,7,0.2619047619047619,2,0,0,0.4158531088941706,0.07225629100562546,0.5118906001002039,0,0,False,28
0,643,6,2,0.2619047619047619,2,0,0,0.43057972385662646,0.08113624925832504,0.4882840268850485,0,0,False,28
0,644,3,5,0.2619047619047619,2,0,0,0.42911914076412166,0.07578956889794514,0.49509129033793337,0,0,False,28
0,645,9,5,0.0,2,0,0,0.3612439768044141,0.36904843046191477,0.2697075927336712,0,0,False,28
0,629,3,2,0.09523809523809523,6,0,0,0.31982029847420224,0.2663511329167136,0.4138285686090841,0,0,False,29
0,634,0,5,0.2619047619047619,2,0,0,0.41332975144267053,0.07788575234931593,0.5087844962080135,0,0,False,29
0,638,10,7,0.0,2,0,0,0.359368272707221,0.3723245499825282,0.2683071773102507,0,0,False,29
0,639,12,9,0.0,2,0,0,0.3491242163908625,0.378278225855095,0.2725975577540424,0,0,False,29
0,640,16,7,0.0,2,0,0,0.366891430548758,0.3679522152409527,0.2651563542102894,0,0,False,29
0,641,1,6,0.09523809523809523,6,0,0,0.3165734144140244,0.2737992930981174,0.4096272924878581,0,0,False,29
0,642,5,8,0.2619047619047619,2,0,0,0.4158531088941706,0.07225629100562546,0.5118906001002039,0,0,False,29
0,643,6,3,0.2619047619047619,2,0,0,0.43057972385662646,0.08113624925832504,0.4882840268850485,0,0,False,29
0,644,4,5,0.2619047619047619,2,0,0,0.42911914076412166,0.07578956889794514,0.49509129033793337,0,0,False,29
0,645,10,5,0.0,2,0,0,0.3612439768044141,0.36904843046191477,0.2697075927336712,0,0,False,29
0,629,4,2,0.09523809523809523,6,0,0,0.31982029847420224,0.2663511329167136,0.4138285686090841,0,0,True,30
0,634,0,6,0.2619047619047619,2,0,0,0.41332975144267053,0.07788575234931593,0.5087844962080135,0,0,False,30
0,638,10,8,0.0,2,0,0,0.359368272707221,0.3723245499825282,0.2683071773102507,0,0,False,30
0,639,12,10,0.0,2,0,0,0.3491242163908625,0.378278225855095,0.2725975577540424,0,0,False,30
0,640,17,7,0.0,2,0,0,0.366891430548758,0.3679522152409527,0.2651563542102894,0,0,False,30
0,641,1,5,0.09523809523809523,6,0,0,0.3165734144140244,0.2737992930981174,0.4096272924878581,0,0,True,30
0,642,5,9,0.2619047619047619,2,0,0,0.4158531088941706,0.07225629100562546,0.5118906001002039,0,0,False,30
0,643,6,4,0.2619047619047619,2,0,0,0.43057972385662646,0.08113624925832504,0.4882840268850485,0,0,False,30
0,644,5,5,0.2619047619047619,2,0,0,0.42911914076412166,0.07578956889794514,0.49509129033793337,0,0,False,30
0,645,11,5,0.0,2,0,0,0.3612439768044141,0.36904843046191477,0.2697075927336712,0,0,False,30
0,629,4,2,0.09523809523809523,6,0,0,0.31982029847420224,0.2663511329167136,0.4138285686090841,0,0,True,31
0,634,1,6,0.2619047619047619,2,0,0,0.41332975144267053,0.07788575234931593,0.5087844962080135,0,0,False,31
0,638,10,9,0.0,2,0,0,0.359368272707221,0.3723245499825282,0.2683071773102507,0,0,False,31
0,639,12,11,0.0,2,0,0,0.3491242163908625,0.378278225855095,0.2725975577540424,0,0,False,31
0,640,18,7,0.0,2,0,0,0.366891430548758,0.3679522152409527,0.2651563542102894,0,0,False,31
0,641,1,5,0.09523809523809523,6,0,0,0.3165734144140244,0.2737992930981174,0.4096272924878581,0,0,True,31
0,642,5,10,0.2619047619047619,2,0,0,0.4158531088941706,0.07225629100562546,0.5118906001002039,0,0,False,31
0,643,6,5,0.2619047619047619,2,0,0,0.43057972385662646,0.08113624925832504,0.4882840268850485,0,0,False,31
0,644,6,5,0.2619047619047619,2,0,0,0.42911914076412166,0.07578956889794514,0.49509129033793337,0,0,False,31
0,645,12,5,0.0,2,0,0,0.3612439768044141,0.36904843046191477,0.2697075927336712,0,0,False,31
0,629,4,2,0.09523809523809523,6,0,0,0.31982029847420224,0.2663511329167136,0.4138285686090841,0,0,True,32
0,634,2,6,0.2619047619047619,2,0,0,0.41332975144267053,0.07788575234931593,0.5087844962080135,0,0,False,32
0,638,9,9,0.0,2,0,0,0.359368272707221,0.3723245499825282,0.2683071773102507,0,0,False,32
0,639,12,12,0.0,2,0,0,0.3491242163908625,0.378278225855095,0.2725975577540424,0,0,False,32
0,640,19,7,0.0,2,0,0,0.366891430548758,0.3679522152409527,0.2651563542102894,0,0,False,32
0,641,1,5,0.09523809523809523,6,0,0,0.3165734144140244,0.2737992930981174,0.4096272924878581,0,0,True,32
0,642,5,11,0.2619047619047619,2,0,0,0.4158531088941706,0.07225629100562546,0.5118906001002039,0,0,False,32
0,643,6,6,0.2619047619047619,2,0,0,0.43057972385662646,0.08113624925832504,0.4882840268850485,0,0,False,32
0,644,7,5,0.2619047619047619,2,0,0,0.42911914076412166,0.07578956889794514,0.49509129033793337,0,0,False,32
0,645,13,5,0.0,2,0,0,0.3612439768044141,0.36904843046191477,0.2697075927336712,0,0,False,32
0,629,4,2,0.09523809523809523,6,0,0,0.31982029847420224,0.2663511329167136,0.4138285686090841,0,0,True,33
0,634,2,7,0.2619047619047619,2,0,0,0.41332975144267053,0.07788575234931593,0.5087844962080135,0,0,False,33
0,638,8,9,0.0,2,0,0,0.359368272707221,0.3723245499825282,0.2683071773102507,0,0,False,33
0,639,12,13,0.0,2,0,0,0.3491242163908625,0.378278225855095,0.2725975577540424,0,0,False,33
0,640,20,7,0.0,2,0,0,0.366891430548758,0.3679522152409527,0.2651563542102894,0,0,False,33
0,641,1,5,0.09523809523809523,6,0,0,0.3165734144140244,0.2737992930981174,0.4096272924878581,0,0,True,33
0,642,5,12,0.2619047619047619,2,0,0,0.4158531088941706,0.07225629100562546,0.5118906001002039,0,0,False,33
0,643,6,7,0.2619047619047619,2,0,0,0.43057972385662646,0.08113624925832504,0.4882840268850485,0,0,False,33
0,644,8,5,0.2619047619047619,2,0,0,0.42911914076412166,0.07578956889794514,0.49509129033793337,0,0,False,33
0,645,14,5,0.0,2,0,0,0.3612439768044141,0.36904843046191477,0.2697075927336712,0,0,False,33
0,629,4,2,0.09523809523809523,6,0,0,0.31982029847420224,0.2663511329167136,0.4138285686090841,0,0,True,34
0,634,2,8,0.2619047619047619,2,0,0,0.41332975144267053,0.07788575234931593,0.5087844962080135,0,0,False,34
0,638,7,9,0.0,2,0,0,0.359368272707221,0.3723245499825282,0.2683071773102507,0,0,False,34
0,639,12,14,0.0,2,0,0,0.3491242163908625,0.378278225855095,0.2725975577540424,0,0,False,34
0,640,20,6,0.0,2,0,0,0.366891430548758,0.3679522152409527,0.2651563542102894,0,0,False,34
0,641,1,5,0.09523809523809523,6,0,0,0.3165734144140244,0.2737992930981174,0.4096272924878581,0,0,True,34
0,642,5,13,0.2619047619047619,2,0,0,0.4158531088941706,0.07225629100562546,0.5118906001002039,0,0,False,34
0,643,5,7,0.2619047619047619,2,0,0,0.43057972385662646,0.08113624925832504,0.4882840268850485,0,0,False,34
0,644,9,5,0.2619047619047619,2,0,0,0.42911914076412166,0.07578956889794514,0.49509129033793337,0,0,False,34
0,645,15,5,0.0,2,0,0,0.3612439768044141,0.36904843046191477,0.2697075927336712,0,0,False,34
0,629,4,2,0.09523809523809523,6,0,0,0.31982029847420224,0.2663511329167136,0.4138285686090841,0,0,True,35
0,634,2,9,0.2619047619047619,2,0,0,0.41332975144267053,0.07788575234931593,0.5087844962080135,0,0,False,35
0,638,6,9,0.0,2,0,0,0.359368272707221,0.3723245499825282,0.2683071773102507,0,0,False,35
0,639,12,15,0.0,2,0,0,0.3491242163908625,0.378278225855095,0.2725975577540424,0,0,False,35
0,640,20,5,0.0,2,0,0,0.366891430548758,0.3679522152409527,0.2651563542102894,0,0,False,35
0,641,1,5,0.09523809523809523,6,0,0,0.3165734144140244,0.2737992930981174,0.4096272924878581,0,0,True,35
0,642,5,14,0.2619047619047619,2,0,0,0.4158531088941706,0.07225629100562546,0.5118906001002039,0,0,False,35
0,643,4,7,0.2619047619047619,2,0,0,0.43057972385662646,0.08113624925832504,0.4882840268850485,0,0,False,35
0,644,9,6,0.2619047619047619,2,0,0,0.42911914076412166,0.07578956889794514,0.49509129033793337,0,0,False,35
0,645,15,6,0.0,2,0,0,0.3612439768044141,0.36904843046191477,0.2697075927336712,0,0,False,35
0,629,4,2,0.09523809523809523,6,0,0,0.31982029847420224,0.2663511329167136,0.4138285686090841,0,0,True,36
0,634,3,9,0.2619047619047619,2,0,0,0.41332975144267053,0.07788575234931593,0.5087844962080135,0,0,False,36
0,638,5,9,0.0,2,0,0,0.359368272707221,0.3723245499825282,0.2683071773102507,0,0,False,36
0,639,12,16,0.0,2,0,0,0.3491242163908625,0.378278225855095,0.2725975577540424,0,0,False,36
0,640,20,4,0.0,2,0,0,0.366891430548758,0.3679522152409527,0.2651563542102894,0,0,False,36
0,641,1,5,0.09523809523809523,6,0,0,0.3165734144140244,0.2737992930981174,0.4096272924878581,0,0,True,36
0,642,5,15,0.2619047619047619,2,0,0,0.4158531088941706,0.07225629100562546,0.5118906001002039,0,0,False,36
0,643,4,6,0.2619047619047619,2,0,0,0.43057972385662646,0.08113624925832504,0.4882840268850485,0,0,False,36
0,644,9,7,0.2619047619047619,2,0,0,0.42911914076412166,0.07578956889794514,0.49509129033793337,0,0,False,36
0,645,15,7,0.0,2,0,0,0.3612439768044141,0.36904843046191477,0.2697075927336712,0,0,False,36
0,629,4,2,0.09523809523809523,6,0,0,0.31982029847420224,0.2663511329167136,0.4138285686090841,0,0,True,37
0,634,3,8,0.2619047619047619,2,0,0,0.41332975144267053,0.07788575234931593,0.5087844962080135,0,0,False,37
0,638,4,9,0.0,2,0,0,0.359368272707221,0.3723245499825282,0.2683071773102507,0,0,False,37
0,639,11,16,0.0,2,0,0,0.3491242163908625,0.378278225855095,0.2725975577540424,0,0,False,37
0,640,20,3,0.0,2,0,0,0.366891430548758,0.3679522152409527,0.2651563542102894,0,0,False,37
0,641,1,5,0.09523809523809523,6,0,0,0.3165734144140244,0.2737992930981174,0.4096272924878581,0,0,True,37
0,642,5,16,0.2619047619047619,2,0,0,0.4158531088941706,0.07225629100562546,0.5118906001002039,0,0,False,37
0,643,5,6,0.2619047619047619,2,0,0,0.43057972385662646,0.08113624925832504,0.4882840268850485,0,0,False,37
0,644,9,8,0.2619047619047619,2,0,0,0.42911914076412166,0.07578956889794514,0.49509129033793337,0,0,False,37
0,645,15,8,0.0,2,0,0,0.3612439768044141,0.36904843046191477,0.2697075927336712,0,0,False,37
0,629,4,2,0.09523809523809523,6,0,0,0.31982029847420224,0.2663511329167136,0.4138285686090841,0,0,True,38
0,634,3,7,0.2619047619047619,2,0,0,0.41332975144267053,0.07788575234931593,0.5087844962080135,0,0,False,38
0,638,3,9,0.0,2,0,0,0.359368272707221,0.3723245499825282,0.2683071773102507,0,0,False,38
0,639,10,16,0.0,2,0,0,0.3491242163908625,0.378278225855095,0.2725975577540424,0,0,False,38
0,640,20,2,0.0,2,0,0,0.366891430548758,0.3679522152409527,0.2651563542102894,0,0,False,38
0,641,1,5,0.09523809523809523,6,0,0,0.3165734144140244,0.2737992930981174,0.4096272924878581,0,0,True,38
0,642,5,17,0.2619047619047619,2,0,0,0.4158531088941706,0.07225629100562546,0.5118906001002039,0,0,False,38
0,643,6,6,0.2619047619047619,2,0,0,0.43057972385662646,0.08113624925832504,0.4882840268850485,0,0,False,38
0,644,9,9,0.2619047619047619,2,0,0,0.42911914076412166,0.07578956889794514,0.49509129033793337,0,0,False,38
0,645,15,9,0.0,2,0,0,0.3612439768044141,0.36904843046191477,0.2697075927336712,0,0,False,38
0,629,4,2,0.09523809523809523,6,0,0,0.31982029847420224,0.2663511329167136,0.4138285686090841,0,0,True,39
0,634,3,6,0.2619047619047619,2,0,0,0.41332975144267053,0.07788575234931593,0.5087844962080135,0,0,False,39
0,638,2,9,0.0,2,0,0,0.359368272707221,0.3723245499825282,0.2683071773102507,0,0,False,39
0,639,9,16,0.0,2,0,0,0.3491242163908625,0.378278225855095,0.2725975577540424,0,0,False,39
0,640,20,1,0.0,2,0,0,0.366891430548758,0.3679522152409527,0.2651563542102894,0,0,False,39
0,641,1,5,0.09523809523809523,6,0,0,0.3165734144140244,0.2737992930981174,0.4096272924878581,0,0,True,39
0,642,5,18,0.2619047619047619,2,0,0,0.4158531088941706,0.07225629100562546,0.5118906001002039,0,0,False,39
0,643,6,5,0.2619047619047619,2,0,0,0.43057972385662646,0.08113624925832504,0.4882840268850485,0,0,False,39
0,644,9,10,0.2619047619047619,2,0,0,0.42911914076412166,0.07578956889794514,0.49509129033793337,0,0,False,39
0,645,15,10,0.0,2,0,0,0.3612439768044141,0.36904843046191477,0.2697075927336712,0,0,False,39
0,629,4,2,0.09523809523809523,6,0,0,0.31982029847420224,0.2663511329167136,0.4138285686090841,0,0,True,40
0,634,3,5,0.2619047619047619,2,0,0,0.41332975144267053,0.07788575234931593,0.5087844962080135,0,0,False,40
0,638,1,9,0.0,2,0,0,0.359368272707221,0.3723245499825282,0.2683071773102507,0,0,False,40
0,639,8,16,0.0,2,0,0,0.3491242163908625,0.378278225855095,0.2725975577540424,0,0,False,40
0,640,20,0,0.0,2,0,0,0.366891430548758,0.3679522152409527,0.2651563542102894,0,0,False,40
0,641,1,5,0.09523809523809523,6,0,0,0.3165734144140244,0.2737992930981174,0.4096272924878581,0,0,True,40
0,642,6,18,0.2619047619047619,2,0,0,0.4158531088941706,0.07225629100562546,0.5118906001002039,0,0,False,40
0,643,6,4,0.2619047619047619,2,0,0,0.43057972385662646,0.08113624925832504,0.4882840268850485,0,0,False,40
0,644,8,10,0.2619047619047619,2,0,0,0.42911914076412166,0.07578956889794514,0.49509129033793337,0,0,False,40
0,645,15,11,0.0,2,0,0,0.3612439768044141,0.36904843046191477,0.2697075927336712,0,0,False,40
0,629,4,2,0.09523809523809523,6,0,0,0.31982029847420224,0.2663511329167136,0.4138285686090841,0,0,True,41
0,634,3,4,0.2619047619047619,2,0,0,0.41332975144267053,0.07788575234931593,0.5087844962080135,0,0,False,41
0,638,1,10,0.0,2,0,0,0.359368272707221,0.3723245499825282,0.2683071773102507,0,0,False,41
0,639,7,16,0.0,2,0,0,0.3491242163908625,0.378278225855095,0.2725975577540424,0,0,False,41
0,640,19,0,0.0,2,0,0,0.366891430548758,0.3679522152409527,0.2651563542102894,0,0,False,41
0,641,1,5,0.09523809523809523,6,0,0,0.3165734144140244,0.2737992930981174,0.4096272924878581,0,0,True,41
0,642,7,18,0.2619047619047619,2,0,0,0.4158531088941706,0.07225629100562546,0.5118906001002039,0,0,False,41
0,643,6,3,0.2619047619047619,2,0,0,0.43057972385662646,0.08113624925832504,0.4882840268850485,0,0,False,41
0,644,7,10,0.2619047619047619,2,0,0,0.42911914076412166,0.07578956889794514,0.49509129033793337,0,0,False,41
0,645,16,11,0.0,2,0,0,0.3612439768044141,0.36904843046191477,0.2697075927336712,0,0,False,41
0,629,4,2,0.09523809523809523,6,0,0,0.31982029847420224,0.2663511329167136,0.4138285686090841,0,0,True,42
0,634,3,3,0.2619047619047619,2,0,0,0.41332975144267053,0.07788575234931593,0.5087844962080135,0,0,False,42
0,638,1,11,0.0,2,0,0,0.359368272707221,0.3723245499825282,0.2683071773102507,0,0,False,42
0,639,6,16,0.0,2,0,0,0.3491242163908625,0.378278225855095,0.2725975577540424,0,0,False,42
0,640,18,0,0.0,2,0,0,0.366891430548758,0.3679522152409527,0.2651563542102894,0,0,False,42
0,641,1,5,0.09523809523809523,6,0,0,0.3165734144140244,0.2737992930981174,0.4096272924878581,0,0,True,42
0,642,8,18,0.2619047619047619,2,0,0,0.4158531088941706,0.07225629100562546,0.5118906001002039,0,0,False,42
0,643,6,2,0.2619047619047619,2,0,0,0.43057972385662646,0.08113624925832504,0.4882840268850485,0,0,False,42
0,644,6,10,0.2619047619047619,2,0,0,0.42911914076412166,0.07578956889794514,0.49509129033793337,0,0,False,42
0,645,17,11,0.0,2,0,0,0.3612439768044141,0.36904843046191477,0.2697075927336712,0,0,False,42
0,629,4,2,0.09523809523809523,6,0,0,0.31982029847420224,0.2663511329167136,0.4138285686090841,0,0,True,43
0,634,3,2,0.2619047619047619,2,0,0,0.41332975144267053,0.07788575234931593,0.5087844962080135,0,0,False,43
0,638,1,12,0.0,2,0,0,0.359368272707221,0.3723245499825282,0.2683071773102507,0,0,False,43
0,639,5,16,0.0,2,0,0,0.3491242163908625,0.378278225855095,0.2725975577540424,0,0,False,43
0,640,17,0,0.0,2,0,0,0.366891430548758,0.3679522152409527,0.2651563542102894,0,0,False,43
0,641,1,5,0.09523809523809523,6,0,0,0.3165734144140244,0.2737992930981174,0.4096272924878581,0,0,True,43
0,642,9,18,0.2619047619047619,2,0,0,0.4158531088941706,0.07225629100562546,0.5118906001002039,0,0,False,43
0,643,6,1,0.2619047619047619,2,0,0,0.43057972385662646,0.08113624925832504,0.4882840268850485,0,0,False,43
0,644,5,10,0.2619047619047619,2,0,0,0.42911914076412166,0.07578956889794514,0.49509129033793337,0,0,False,43
0,645,18,11,0.0,2,0,0,0.3612439768044141,0.36904843046191477,0.2697075927336712,0,0,False,43
0,629,4,2,0.09523809523809523,6,0,0,0.31982029847420224,0.2663511329167136,0.4138285686090841,0,0,True,44
0,634,4,2,0.2619047619047619,2,0,0,0.41332975144267053,0.07788575234931593,0.5087844962080135,0,0,False,44
0,638,1,13,0.0,2,0,0,0.359368272707221,0.3723245499825282,0.2683071773102507,0,0,False,44
0,639,4,16,0.0,2,0,0,0.3491242163908625,0.378278225855095,0.2725975577540424,0,0,False,44
0,640,16,0,0.0,2,0,0,0.366891430548758,0.3679522152409527,0.2651563542102894,0,0,False,44
0,641,1,5,0.09523809523809523,6,0,0,0.3165734144140244,0.2737992930981174,0.4096272924878581,0,0,True,44
0,642,10,18,0.2619047619047619,2,0,0,0.4158531088941706,0.07225629100562546,0.5118906001002039,0,0,False,44
0,643,6,0,0.2619047619047619,2,0,0,0.43057972385662646,0.08113624925832504,0.4882840268850485,0,0,False,44
0,644,4,10,0.2619047619047619,2,0,0,0.42911914076412166,0.07578956889794514,0.49509129033793337,0,0,False,44
0,645,19,11,0.0,2,0,0,0.3612439768044141,0.36904843046191477,0.2697075927336712,0,0,False,44
0,629,4,2,0.09523809523809523,6,0,0,0.31982029847420224,0.2663511329167136,0.4138285686090841,0,0,True,45
0,634,5,2,0.2619047619047619,2,0,0,0.41332975144267053,0.07788575234931593,0.5087844962080135,0,0,False,45
0,638,1,14,0.0,2,0,0,0.359368272707221,0.3723245499825282,0.2683071773102507,0,0,False,45
0,639,3,16,0.0,2,0,0,0.3491242163908625,0.378278225855095,0.2725975577540424,0,0,False,45
0,640,15,0,0.0,2,0,0,0.366891430548758,0.3679522152409527,0.2651563542102894,0,0,False,45
0,641,1,5,0.09523809523809523,6,0,0,0.3165734144140244,0.2737992930981174,0.4096272924878581,0,0,True,45
0,642,10,19,0.2619047619047619,2,0,0,0.4158531088941706,0.07225629100562546,0.5118906001002039,0,0,False,45
0,643,5,0,0.2619047619047619,2,0,0,0.43057972385662646,0.08113624925832504,0.4882840268850485,0,0,False,45
0,644,3,10,0.2619047619047619,2,0,0,0.42911914076412166,0.07578956889794514,0.49509129033793337,0,0,False,45
0,645,20,11,0.0,2,0,0,0.3612439768044141,0.36904843046191477,0.2697075927336712,0,0,False,45
0,629,4,2,0.09523809523809523,6,0,0,0.31982029847420224,0.2663511329167136,0.4138285686090841,0,0,True,46
0,634,5,3,0.2619047619047619,2,0,0,0.41332975144267053,0.07788575234931593,0.5087844962080135,0,0,False,46
0,638,1,15,0.0,2,0,0,0.359368272707221,0.3723245499825282,0.2683071773102507,0,0,False,46
0,639,3,17,0.0,2,0,0,0.3491242163908625,0.378278225855095,0.2725975577540424,0,0,False,46
0,640,14,0,0.0,2,0,0,0.366891430548758,0.3679522152409527,0.2651563542102894,0,0,False,46
0,641,1,5,0.09523809523809523,6,0,0,0.3165734144140244,0.2737992930981174,0.4096272924878581,0,0,True,46
0,642,11,19,0.2619047619047619,2,0,0,0.4158531088941706,0.07225629100562546,0.5118906001002039,0,0,False,46
0,643,4,0,0.2619047619047619,2,0,0,0.43057972385662646,0.08113624925832504,0.4882840268850485,0,0,False,46
0,644,3,11,0.2619047619047619,2,0,0,0.42911914076412166,0.07578956889794514,0.49509129033793337,0,0,False,46
0,645,20,10,0.0,2,0,0,0.3612439768044141,0.36904843046191477,0.2697075927336712,0,0,False,46
0,629,4,2,0.09523809523809523,6,0,0,0.31982029847420224,0.2663511329167136,0.4138285686090841,0,0,True,47
0,634,6,3,0.2619047619047619,2,0,0,0.41332975144267053,0.07788575234931593,0.5087844962080135,0,0,False,47
0,638,1,16,0.0,2,0,0,0.359368272707221,0.3723245499825282,0.2683071773102507,0,0,False,47
0,639,3,18,0.0,2,0,0,0.3491242163908625,0.378278225855095,0.2725975577540424,0,0,False,47
0,640,14,1,0.0,2,0,0,0.366891430548758,0.3679522152409527,0.2651563542102894,0,0,False,47
0,641,1,5,0.09523809523809523,6,0,0,0.3165734144140244,0.2737992930981174,0.4096272924878581,0,0,True,47
0,642,12,19,0.2619047619047619,2,0,0,0.4158531088941706,0.07225629100562546,0.5118906001002039,0,0,False,47
0,643,3,0,0.2619047619047619,2,0,0,0.43057972385662646,0.08113624925832504,0.4882840268850485,0,0,False,47
0,644,3,12,0.2619047619047619,2,0,0,0.42911914076412166,0.07578956889794514,0.49509129033793337,0,0,False,47
0,645,20,9,0.0,2,0,0,0.3612439768044141,0.36904843046191477,0.2697075927336712,0,0,False,47
0,629,4,2,0.09523809523809523,6,0,0,0.31982029847420224,0.2663511329167136,0.4138285686090841,0,0,True,48
0,634,7,3,0.2619047619047619,2,0,0,0.41332975144267053,0.07788575234931593,0.5087844962080135,0,0,False,48
0,638,0,16,0.0,2,0,0,0.359368272707221,0.3723245499825282,0.2683071773102507,0,0,False,48
0,639,3,19,0.0,2,0,0,0.3491242163908625,0.378278225855095,0.2725975577540424,0,0,False,48
0,640,14,2,0.0,2,0,0,0.366891430548758,0.3679522152409527,0.2651563542102894,0,0,False,48
0,641,1,5,0.09523809523809523,6,0,0,0.3165734144140244,0.2737992930981174,0.4096272924878581,0,0,True,48
0,642,13,19,0.2619047619047619,2,0,0,0.4158531088941706,0.07225629100562546,0.5118906001002039,0,0,False,48
0,643,2,0,0.2619047619047619,2,0,0,0.43057972385662646,0.08113624925832504,0.4882840268850485,0,0,False,48
0,644,3,13,0.2619047619047619,2,0,0,0.42911914076412166,0.07578956889794514,0.49509129033793337,0,0,False,48
0,645,19,9,0.0,2,0,0,0.3612439768044141,0.36904843046191477,0.2697075927336712,0,0,False,48
0,629,4,2,0.09523809523809523,6,0,0,0.31982029847420224,0.2663511329167136,0.4138285686090841,0,0,True,49
0,634,7,2,0.2619047619047619,2,0,0,0.41332975144267053,0.07788575234931593,0.5087844962080135,0,0,False,49
0,638,0,17,0.0,2,0,0,0.359368272707221,0.3723245499825282,0.2683071773102507,0,0,False,49
0,639,3,20,0.0,2,0,0,0.3491242163908625,0.378278225855095,0.2725975577540424,0,0,False,49
0,640,15,2,0.0,2,0,0,0.366891430548758,0.3679522152409527,0.2651563542102894,0,0,False,49
0,641,1,5,0.09523809523809523,6,0,0,0.3165734144140244,0.2737992930981174,0.4096272924878581,0,0,True,49
0,642,14,19,0.2619047619047619,2,0,0,0.4158531088941706,0.07225629100562546,0.5118906001002039,0,0,False,49
0,643,1,0,0.2619047619047619,2,0,0,0.43057972385662646,0.08113624925832504,0.4882840268850485,0,0,False,49
0,644,2,13,0.2619047619047619,2,0,0,0.42911914076412166,0.07578956889794514,0.49509129033793337,0,0,False,49
0,645,19,10,0.0,2,0,0,0.3612439768044141,0.36904843046191477,0.2697075927336712,0,0,False,49
0,629,4,2,0.09523809523809523,6,0,0,0.31982029847420224,0.2663511329167136,0.4138285686090841,0,0,True,50
0,634,7,1,0.2619047619047619,2,0,0,0.41332975144267053,0.07788575234931593,0.5087844962080135,0,0,True,50
0,638,0,18,0.0,2,0,0,0.359368272707221,0.3723245499825282,0.2683071773102507,0,0,True,50
0,639,2,20,0.0,2,0,0,0.3491242163908625,0.378278225855095,0.2725975577540424,0,0,True,50
0,640,16,2,0.0,2,0,0,0.366891430548758,0.3679522152409527,0.2651563542102894,0,0,True,50
0,641,1,5,0.09523809523809523,6,0,0,0.3165734144140244,0.2737992930981174,0.4096272924878581,0,0,True,50
0,642,14,20,0.2619047619047619,2,0,0,0.4158531088941706,0.07225629100562546,0.5118906001002039,0,0,True,50
0,643,0,0,0.2619047619047619,2,0,0,0.43057972385662646,0.08113624925832504,0.4882840268850485,0,0,True,50
0,644,2,14,0.2619047619047619,2,0,0,0.42911914076412166,0.07578956889794514,0.49509129033793337,0,0,True,50
0,645,19,11,0.0,2,0,0,0.3612439768044141,0.36904843046191477,0.2697075927336712,0,0,True,50
0,629,4,2,0.09523809523809523,6,0,0,0.31982029847420224,0.2663511329167136,0.4138285686090841,0,0,True,51
0,634,7,1,0.2619047619047619,2,0,0,0.41332975144267053,0.07788575234931593,0.5087844962080135,0,0,True,51
0,638,0,18,0.0,2,0,0,0.359368272707221,0.3723245499825282,0.2683071773102507,0,0,True,51
0,639,2,20,0.0,2,0,0,0.3491242163908625,0.378278225855095,0.2725975577540424,0,0,True,51
0,640,16,2,0.0,2,0,0,0.366891430548758,0.3679522152409527,0.2651563542102894,0,0,True,51
0,641,1,5,0.09523809523809523,6,0,0,0.3165734144140244,0.2737992930981174,0.4096272924878581,0,0,True,51
0,642,14,20,0.2619047619047619,2,0,0,0.4158531088941706,0.07225629100562546,0.5118906001002039,0,0,True,51
0,643,0,0,0.2619047619047619,2,0,0,0.43057972385662646,0.08113624925832504,0.4882840268850485,0,0,True,51
0,644,2,14,0.2619047619047619,2,0,0,0.42911914076412166,0.07578956889794514,0.49509129033793337,0,0,True,51
0,645,19,11,0.0,2,0,0,0.3612439768044141,0.36904843046191477,0.2697075927336712,0,0,True,51
0,629,4,2,0.09523809523809523,6,0,0,0.31982029847420224,0.2663511329167136,0.4138285686090841,0,0,True,52
0,634,7,1,0.2619047619047619,2,0,0,0.41332975144267053,0.07788575234931593,0.5087844962080135,0,0,True,52
0,638,0,18,0.0,2,0,0,0.359368272707221,0.3723245499825282,0.2683071773102507,0,0,True,52
0,639,2,20,0.0,2,0,0,0.3491242163908625,0.378278225855095,0.2725975577540424,0,0,True,52
0,640,16,2,0.0,2,0,0,0.366891430548758,0.3679522152409527,0.2651563542102894,0,0,True,52
0,641,1,5,0.09523809523809523,6,0,0,0.3165734144140244,0.2737992930981174,0.4096272924878581,0,0,True,52
0,642,14,20,0.2619047619047619,2,0,0,0.4158531088941706,0.07225629100562546,0.5118906001002039,0,0,True,52
0,643,0,0,0.2619047619047619,2,0,0,0.43057972385662646,0.08113624925832504,0.4882840268850485,0,0,True,52
0,644,2,14,0.2619047619047619,2,0,0,0.42911914076412166,0.07578956889794514,0.49509129033793337,0,0,True,52
0,645,19,11,0.0,2,0,0,0.3612439768044141,0.36904843046191477,0.2697075927336712,0,0,True,52
0,629,4,2,0.09523809523809523,6,0,0,0.31982029847420224,0.2663511329167136,0.4138285686090841,0,0,True,53
0,634,7,1,0.2619047619047619,2,0,0,0.41332975144267053,0.07788575234931593,0.5087844962080135,0,0,True,53
0,638,0,18,0.0,2,0,0,0.359368272707221,0.3723245499825282,0.2683071773102507,0,0,True,53
0,639,2,20,0.0,2,0,0,0.3491242163908625,0.378278225855095,0.2725975577540424,0,0,True,53
0,640,16,2,0.0,2,0,0,0.366891430548758,0.3679522152409527,0.2651563542102894,0,0,True,53
0,641,1,5,0.09523809523809523,6,0,0,0.3165734144140244,0.2737992930981174,0.4096272924878581,0,0,True,53
0,642,14,20,0.2619047619047619,2,0,0,0.4158531088941706,0.07225629100562546,0.5118906001002039,0,0,True,53
0,643,0,0,0.2619047619047619,2,0,0,0.43057972385662646,0.08113624925832504,0.4882840268850485,0,0,True,53
0,644,2,14,0.2619047619047619,2,0,0,0.42911914076412166,0.07578956889794514,0.49509129033793337,0,0,True,53
0,645,19,11,0.0,2,0,0,0.3612439768044141,0.36904843046191477,0.2697075927336712,0,0,True,53
0,629,4,2,0.09523809523809523,6,0,0,0.31982029847420224,0.2663511329167136,0.4138285686090841,0,0,True,54
0,634,7,1,0.2619047619047619,2,0,0,0.41332975144267053,0.07788575234931593,0.5087844962080135,0,0,True,54
0,638,0,18,0.0,2,0,0,0.359368272707221,0.3723245499825282,0.2683071773102507,0,0,True,54
0,639,2,20,0.0,2,0,0,0.3491242163908625,0.378278225855095,0.2725975577540424,0,0,True,54
0,640,16,2,0.0,2,0,0,0.366891430548758,0.3679522152409527,0.2651563542102894,0,0,True,54
0,641,1,5,0.09523809523809523,6,0,0,0.3165734144140244,0.2737992930981174,0.4096272924878581,0,0,True,54
0,642,14,20,0.2619047619047619,2,0,0,0.4158531088941706,0.07225629100562546,0.5118906001002039,0,0,True,54
0,643,0,0,0.2619047619047619,2,0,0,0.43057972385662646,0.08113624925832504,0.4882840268850485,0,0,True,54
0,644,2,14,0.2619047619047619,2,0,0,0.42911914076412166,0.07578956889794514,0.49509129033793337,0,0,True,54
0,645,19,11,0.0,2,0,0,0.3612439768044141,0.36904843046191477,0.2697075927336712,0,0,True,54
0,629,4,2,0.09523809523809523,6,0,0,0.31982029847420224,0.2663511329167136,0.4138285686090841,0,0,True,55
0,634,7,1,0.2619047619047619,2,0,0,0.41332975144267053,0.07788575234931593,0.5087844962080135,0,0,True,55
0,638,0,18,0.0,2,0,0,0.359368272707221,0.3723245499825282,0.2683071773102507,0,0,True,55
0,639,2,20,0.0,2,0,0,0.3491242163908625,0.378278225855095,0.2725975577540424,0,0,True,55
0,640,16,2,0.0,2,0,0,0.366891430548758,0.3679522152409527,0.2651563542102894,0,0,True,55
0,641,1,5,0.09523809523809523,6,0,0,0.3165734144140244,0.2737992930981174,0.4096272924878581,0,0,True,55
0,642,14,20,0.2619047619047619,2,0,0,0.4158531088941706,0.07225629100562546,0.5118906001002039,0,0,True,55
0,643,0,0,0.2619047619047619,2,0,0,0.43057972385662646,0.08113624925832504,0.4882840268850485,0,0,True,55
0,644,2,14,0.2619047619047619,2,0,0,0.42911914076412166,0.07578956889794514,0.49509129033793337,0,0,True,55
0,645,19,11,0.0,2,0,0,0.3612439768044141,0.36904843046191477,0.2697075927336712,0,0,True,55
0,629,4,2,0.09523809523809523,6,0,0,0.31982029847420224,0.2663511329167136,0.4138285686090841,0,0,True,56
0,634,7,1,0.2619047619047619,2,0,0,0.41332975144267053,0.07788575234931593,0.5087844962080135,0,0,True,56
0,638,0,18,0.0,2,0,0,0.359368272707221,0.3723245499825282,0.2683071773102507,0,0,True,56
0,639,2,20,0.0,2,0,0,0.3491242163908625,0.378278225855095,0.2725975577540424,0,0,True,56
0,640,16,2,0.0,2,0,0,0.366891430548758,0.3679522152409527,0.2651563542102894,0,0,True,56
0,641,1,5,0.09523809523809523,6,0,0,0.3165734144140244,0.2737992930981174,0.4096272924878581,0,0,True,56
0,642,14,20,0.2619047619047619,2,0,0,0.4158531088941706,0.07225629100562546,0.5118906001002039,0,0,True,56
0,643,0,0,0.2619047619047619,2,0,0,0.43057972385662646,0.08113624925832504,0.4882840268850485,0,0,True,56
0,644,2,14,0.2619047619047619,2,0,0,0.42911914076412166,0.07578956889794514,0.49509129033793337,0,0,True,56
0,645,19,11,0.0,2,0,0,0.3612439768044141,0.36904843046191477,0.2697075927336712,0,0,True,56
0,629,4,2,0.09523809523809523,6,0,0,0.31982029847420224,0.2663511329167136,0.4138285686090841,0,0,True,57
0,634,7,1,0.2619047619047619,2,0,0,0.41332975144267053,0.07788575234931593,0.5087844962080135,0,0,True,57
0,638,0,18,0.0,2,0,0,0.359368272707221,0.3723245499825282,0.2683071773102507,0,0,True,57
0,639,2,20,0.0,2,0,0,0.3491242163908625,0.378278225855095,0.2725975577540424,0,0,True,57
0,640,16,2,0.0,2,0,0,0.366891430548758,0.3679522152409527,0.2651563542102894,0,0,True,57
0,641,1,5,0.09523809523809523,6,0,0,0.3165734144140244,0.2737992930981174,0.4096272924878581,0,0,True,57
0,642,14,20,0.2619047619047619,2,0,0,0.4158531088941706,0.07225629100562546,0.5118906001002039,0,0,True,57
0,643,0,0,0.2619047619047619,2,0,0,0.43057972385662646,0.08113624925832504,0.4882840268850485,0,0,True,57
0,644,2,14,0.2619047619047619,2,0,0,0.42911914076412166,0.07578956889794514,0.49509129033793337,0,0,True,57
0,645,19,11,0.0,2,0,0,0.3612439768044141,0.36904843046191477,0.2697075927336712,0,0,True,57
0,629,4,2,0.09523809523809523,6,0,0,0.31982029847420224,0.2663511329167136,0.4138285686090841,0,0,True,58
0,634,7,1,0.2619047619047619,2,0,0,0.41332975144267053,0.07788575234931593,0.5087844962080135,0,0,True,58
0,638,0,18,0.0,2,0,0,0.359368272707221,0.3723245499825282,0.2683071773102507,0,0,True,58
0,639,2,20,0.0,2,0,0,0.3491242163908625,0.378278225855095,0.2725975577540424,0,0,True,58
0,640,16,2,0.0,2,0,0,0.366891430548758,0.3679522152409527,0.2651563542102894,0,0,True,58
0,641,1,5,0.09523809523809523,6,0,0,0.3165734144140244,0.2737992930981174,0.4096272924878581,0,0,True,58
0,642,14,20,0.2619047619047619,2,0,0,0.4158531088941706,0.07225629100562546,0.5118906001002039,0,0,True,58
0,643,0,0,0.2619047619047619,2,0,0,0.43057972385662646,0.08113624925832504,0.4882840268850485,0,0,True,58
0,644,2,14,0.2619047619047619,2,0,0,0.42911914076412166,0.07578956889794514,0.49509129033793337,0,0,True,58
0,645,19,11,0.0,2,0,0,0.3612439768044141,0.36904843046191477,0.2697075927336712,0,0,True,58
0,629,4,2,0.09523809523809523,6,0,0,0.31982029847420224,0.2663511329167136,0.4138285686090841,0,0,True,59
0,634,7,1,0.2619047619047619,2,0,0,0.41332975144267053,0.07788575234931593,0.5087844962080135,0,0,True,59
0,638,0,18,0.0,2,0,0,0.359368272707221,0.3723245499825282,0.2683071773102507,0,0,True,59
0,639,2,20,0.0,2,0,0,0.3491242163908625,0.378278225855095,0.2725975577540424,0,0,True,59
0,640,16,2,0.0,2,0,0,0.366891430548758,0.3679522152409527,0.2651563542102894,0,0,True,59
0,641,1,5,0.09523809523809523,6,0,0,0.3165734144140244,0.2737992930981174,0.4096272924878581,0,0,True,59
0,642,14,20,0.2619047619047619,2,0,0,0.4158531088941706,0.07225629100562546,0.5118906001002039,0,0,True,59
0,643,0,0,0.2619047619047619,2,0,0,0.43057972385662646,0.08113624925832504,0.4882840268850485,0,0,True,59
0,644,2,14,0.2619047619047619,2,0,0,0.42911914076412166,0.07578956889794514,0.49509129033793337,0,0,True,59
0,645,19,11,0.0,2,0,0,0.3612439768044141,0.36904843046191477,0.2697075927336712,0,0,True,59
0,629,4,2,0.09523809523809523,6,0,0,0.31982029847420224,0.2663511329167136,0.4138285686090841,0,0,True,60
0,634,7,1,0.2619047619047619,2,0,0,0.41332975144267053,0.07788575234931593,0.5087844962080135,0,0,True,60
0,638,0,18,0.0,2,0,0,0.359368272707221,0.3723245499825282,0.2683071773102507,0,0,True,60
0,639,2,20,0.0,2,0,0,0.3491242163908625,0.378278225855095,0.2725975577540424,0,0,True,60
0,640,16,2,0.0,2,0,0,0.366891430548758,0.3679522152409527,0.2651563542102894,0,0,True,60
0,641,1,5,0.09523809523809523,6,0,0,0.3165734144140244,0.2737992930981174,0.4096272924878581,0,0,True,60
0,642,14,20,0.2619047619047619,2,0,0,0.4158531088941706,0.07225629100562546,0.5118906001002039,0,0,True,60
0,643,0,0,0.2619047619047619,2,0,0,0.43057972385662646,0.08113624925832504,0.4882840268850485,0,0,True,60
0,644,2,14,0.2619047619047619,2,0,0,0.42911914076412166,0.07578956889794514,0.49509129033793337,0,0,True,60
0,645,19,11,0.0,2,0,0,0.3612439768044141,0.36904843046191477,0.2697075927336712,0,0,True,60
0,629,4,2,0.09523809523809523,6,0,0,0.31982029847420224,0.2663511329167136,0.4138285686090841,0,0,True,61
0,634,7,1,0.2619047619047619,2,0,0,0.41332975144267053,0.07788575234931593,0.5087844962080135,0,0,True,61
0,638,0,18,0.0,2,0,0,0.359368272707221,0.3723245499825282,0.2683071773102507,0,0,True,61
0,639,2,20,0.0,2,0,0,0.3491242163908625,0.378278225855095,0.2725975577540424,0,0,True,61
0,640,16,2,0.0,2,0,0,0.366891430548758,0.3679522152409527,0.2651563542102894,0,0,True,61
0,641,1,5,0.09523809523809523,6,0,0,0.3165734144140244,0.2737992930981174,0.4096272924878581,0,0,True,61
0,642,14,20,0.2619047619047619,2,0,0,0.4158531088941706,0.07225629100562546,0.5118906001002039,0,0,True,61
0,643,0,0,0.2619047619047619,2,0,0,0.43057972385662646,0.08113624925832504,0.4882840268850485,0,0,True,61
0,644,2,14,0.2619047619047619,2,0,0,0.42911914076412166,0.07578956889794514,0.49509129033793337,0,0,True,61
0,645,19,11,0.0,2,0,0,0.3612439768044141,0.36904843046191477,0.2697075927336712,0,0,True,61
0,629,4,2,0.09523809523809523,6,0,0,0.31982029847420224,0.2663511329167136,0.4138285686090841,0,0,True,62
0,634,7,1,0.2619047619047619,2,0,0,0.41332975144267053,0.07788575234931593,0.5087844962080135,0,0,True,62
0,638,0,18,0.0,2,0,0,0.359368272707221,0.3723245499825282,0.2683071773102507,0,0,True,62
0,639,2,20,0.0,2,0,0,0.3491242163908625,0.378278225855095,0.2725975577540424,0,0,True,62
0,640,16,2,0.0,2,0,0,0.366891430548758,0.3679522152409527,0.2651563542102894,0,0,True,62
0,641,1,5,0.09523809523809523,6,0,0,0.3165734144140244,0.2737992930981174,0.4096272924878581,0,0,True,62
0,642,14,20,0.2619047619047619,2,0,0,0.4158531088941706,0.07225629100562546,0.5118906001002039,0,0,True,62
0,643,0,0,0.2619047619047619,2,0,0,0.43057972385662646,0.08113624925832504,0.4882840268850485,0,0,True,62
0,644,2,14,0.2619047619047619,2,0,0,0.42911914076412166,0.07578956889794514,0.49509129033793337,0,0,True,62
0,645,19,11,0.0,2,0,0,0.3612439768044141,0.36904843046191477,0.2697075927336712,0,0,True,62
0,629,4,2,0.09523809523809523,6,0,0,0.31982029847420224,0.2663511329167136,0.4138285686090841,0,0,True,63
0,634,7,1,0.2619047619047619,2,0,0,0.41332975144267053,0.07788575234931593,0.5087844962080135,0,0,True,63
0,638,0,18,0.0,2,0,0,0.359368272707221,0.3723245499825282,0.2683071773102507,0,0,True,63
0,639,2,20,0.0,2,0,0,0.3491242163908625,0.378278225855095,0.2725975577540424,0,0,True,63
0,640,16,2,0.0,2,0,0,0.366891430548758,0.3679522152409527,0.2651563542102894,0,0,True,63
0,641,1,5,0.09523809523809523,6,0,0,0.3165734144140244,0.2737992930981174,0.4096272924878581,0,0,True,63
0,642,14,20,0.2619047619047619,2,0,0,0.4158531088941706,0.07225629100562546,0.5118906001002039,0,0,True,63
0,643,0,0,0.2619047619047619,2,0,0,0.43057972385662646,0.08113624925832504,0.4882840268850485,0,0,True,63
0,644,2,14,0.2619047619047619,2,0,0,0.42911914076412166,0.07578956889794514,0.49509129033793337,0,0,True,63
0,645,19,11,0.0,2,0,0,0.3612439768044141,0.36904843046191477,0.2697075927336712,0,0,True,63
0,629,4,2,0.09523809523809523,6,0,0,0.31982029847420224,0.2663511329167136,0.4138285686090841,0,0,True,64
0,634,7,1,0.2619047619047619,2,0,0,0.41332975144267053,0.07788575234931593,0.5087844962080135,0,0,True,64
0,638,0,18,0.0,2,0,0,0.359368272707221,0.3723245499825282,0.2683071773102507,0,0,True,64
0,639,2,20,0.0,2,0,0,0.3491242163908625,0.378278225855095,0.2725975577540424,0,0,True,64
0,640,16,2,0.0,2,0,0,0.366891430548758,0.3679522152409527,0.2651563542102894,0,0,True,64
0,641,1,5,0.09523809523809523,6,0,0,0.3165734144140244,0.2737992930981174,0.4096272924878581,0,0,True,64
0,642,14,20,0.2619047619047619,2,0,0,0.4158531088941706,0.07225629100562546,0.5118906001002039,0,0,True,64
0,643,0,0,0.2619047619047619,2,0,0,0.43057972385662646,0.08113624925832504,0.4882840268850485,0,0,True,64
0,644,2,14,0.2619047619047619,2,0,0,0.42911914076412166,0.07578956889794514,0.49509129033793337,0,0,True,64
0,645,19,11,0.0,2,0,0,0.3612439768044141,0.36904843046191477,0.2697075927336712,0,0,True,64
0,629,4,2,0.09523809523809523,6,0,0,0.31982029847420224,0.2663511329167136,0.4138285686090841,0,0,True,65
0,634,7,1,0.2619047619047619,2,0,0,0.41332975144267053,0.07788575234931593,0.5087844962080135,0,0,True,65
0,638,0,18,0.0,2,0,0,0.359368272707221,0.3723245499825282,0.2683071773102507,0,0,True,65
0,639,2,20,0.0,2,0,0,0.3491242163908625,0.378278225855095,0.2725975577540424,0,0,True,65
0,640,16,2,0.0,2,0,0,0.366891430548758,0.3679522152409527,0.2651563542102894,0,0,True,65
0,641,1,5,0.09523809523809523,6,0,0,0.3165734144140244,0.2737992930981174,0.4096272924878581,0,0,True,65
0,642,14,20,0.2619047619047619,2,0,0,0.4158531088941706,0.07225629100562546,0.5118906001002039,0,0,True,65
0,643,0,0,0.2619047619047619,2,0,0,0.43057972385662646,0.08113624925832504,0.4882840268850485,0,0,True,65
0,644,2,14,0.2619047619047619,2,0,0,0.42911914076412166,0.07578956889794514,0.49509129033793337,0,0,True,65
0,645,19,11,0.0,2,0,0,0.3612439768044141,0.36904843046191477,0.2697075927336712,0,0,True,65
0,629,4,2,0.09523809523809523,6,0,0,0.31982029847420224,0.2663511329167136,0.4138285686090841,0,0,True,66
0,634,7,1,0.2619047619047619,2,0,0,0.41332975144267053,0.07788575234931593,0.5087844962080135,0,0,True,66
0,638,0,18,0.0,2,0,0,0.359368272707221,0.3723245499825282,0.2683071773102507,0,0,True,66
0,639,2,20,0.0,2,0,0,0.3491242163908625,0.378278225855095,0.2725975577540424,0,0,True,66
0,640,16,2,0.0,2,0,0,0.366891430548758,0.3679522152409527,0.2651563542102894,0,0,True,66
0,641,1,5,0.09523809523809523,6,0,0,0.3165734144140244,0.2737992930981174,0.4096272924878581,0,0,True,66
0,642,14,20,0.2619047619047619,2,0,0,0.4158531088941706,0.07225629100562546,0.5118906001002039,0,0,True,66
0,643,0,0,0.2619047619047619,2,0,0,0.43057972385662646,0.08113624925832504,0.4882840268850485,0,0,True,66
0,644,2,14,0.2619047619047619,2,0,0,0.42911914076412166,0.07578956889794514,0.49509129033793337,0,0,True,66
0,645,19,11,0.0,2,0,0,0.3612439768044141,0.36904843046191477,0.2697075927336712,0,0,True,66
0,629,4,2,0.09523809523809523,6,0,0,0.31982029847420224,0.2663511329167136,0.4138285686090841,0,0,True,67
0,634,7,1,0.2619047619047619,2,0,0,0.41332975144267053,0.07788575234931593,0.5087844962080135,0,0,True,67
0,638,0,18,0.0,2,0,0,0.359368272707221,0.3723245499825282,0.2683071773102507,0,0,True,67
0,639,2,20,0.0,2,0,0,0.3491242163908625,0.378278225855095,0.2725975577540424,0,0,True,67
0,640,16,2,0.0,2,0,0,0.366891430548758,0.3679522152409527,0.2651563542102894,0,0,True,67
0,641,1,5,0.09523809523809523,6,0,0,0.3165734144140244,0.2737992930981174,0.4096272924878581,0,0,True,67
0,642,14,20,0.2619047619047619,2,0,0,0.4158531088941706,0.07225629100562546,0.5118906001002039,0,0,True,67
0,643,0,0,0.2619047619047619,2,0,0,0.43057972385662646,0.08113624925832504,0.4882840268850485,0,0,True,67
0,644,2,14,0.2619047619047619,2,0,0,0.42911914076412166,0.07578956889794514,0.49509129033793337,0,0,True,67
0,645,19,11,0.0,2,0,0,0.3612439768044141,0.36904843046191477,0.2697075927336712,0,0,True,67
0,629,4,2,0.09523809523809523,6,0,0,0.31982029847420224,0.2663511329167136,0.4138285686090841,0,0,True,68
0,634,7,1,0.2619047619047619,2,0,0,0.41332975144267053,0.07788575234931593,0.5087844962080135,0,0,True,68
0,638,0,18,0.0,2,0,0,0.359368272707221,0.3723245499825282,0.2683071773102507,0,0,True,68
0,639,2,20,0.0,2,0,0,0.3491242163908625,0.378278225855095,0.2725975577540424,0,0,True,68
0,640,16,2,0.0,2,0,0,0.366891430548758,0.3679522152409527,0.2651563542102894,0,0,True,68
0,641,1,5,0.09523809523809523,6,0,0,0.3165734144140244,0.2737992930981174,0.4096272924878581,0,0,True,68
0,642,14,20,0.2619047619047619,2,0,0,0.4158531088941706,0.07225629100562546,0.5118906001002039,0,0,True,68
0,643,0,0,0.2619047619047619,2,0,0,0.43057972385662646,0.08113624925832504,0.4882840268850485,0,0,True,68
0,644,2,14,0.2619047619047619,2,0,0,0.42911914076412166,0.07578956889794514,0.49509129033793337,0,0,True,68
0,645,19,11,0.0,2,0,0,0.3612439768044141,0.36904843046191477,0.2697075927336712,0,0,True,68
0,629,4,2,0.09523809523809523,6,0,0,0.31982029847420224,0.2663511329167136,0.4138285686090841,0,0,True,69
0,634,7,1,0.2619047619047619,2,0,0,0.41332975144267053,0.07788575234931593,0.5087844962080135,0,0,True,69
0,638,0,18,0.0,2,0,0,0.359368272707221,0.3723245499825282,0.2683071773102507,0,0,True,69
0,639,2,20,0.0,2,0,0,0.3491242163908625,0.378278225855095,0.2725975577540424,0,0,True,69
0,640,16,2,0.0,2,0,0,0.366891430548758,0.3679522152409527,0.2651563542102894,0,0,True,69
0,641,1,5,0.09523809523809523,6,0,0,0.3165734144140244,0.2737992930981174,0.4096272924878581,0,0,True,69
0,642,14,20,0.2619047619047619,2,0,0,0.4158531088941706,0.07225629100562546,0.5118906001002039,0,0,True,69
0,643,0,0,0.2619047619047619,2,0,0,0.43057972385662646,0.08113624925832504,0.4882840268850485,0,0,True,69
0,644,2,14,0.2619047619047619,2,0,0,0.42911914076412166,0.07578956889794514,0.49509129033793337,0,0,True,69
0,645,19,11,0.0,2,0,0,0.3612439768044141,0.36904843046191477,0.2697075927336712,0,0,True,69
0,629,4,2,0.09523809523809523,6,0,0,0.31982029847420224,0.2663511329167136,0.4138285686090841,0,0,True,70
0,634,7,1,0.2619047619047619,2,0,0,0.41332975144267053,0.07788575234931593,0.5087844962080135,0,0,True,70
0,638,0,18,0.0,2,0,0,0.359368272707221,0.3723245499825282,0.2683071773102507,0,0,True,70
0,639,2,20,0.0,2,0,0,0.3491242163908625,0.378278225855095,0.2725975577540424,0,0,True,70
0,640,16,2,0.0,2,0,0,0.366891430548758,0.3679522152409527,0.2651563542102894,0,0,True,70
0,641,1,5,0.09523809523809523,6,0,0,0.3165734144140244,0.2737992930981174,0.4096272924878581,0,0,True,70
0,642,14,20,0.2619047619047619,2,0,0,0.4158531088941706,0.07225629100562546,0.5118906001002039,0,0,True,70
0,643,0,0,0.2619047619047619,2,0,0,0.43057972385662646,0.08113624925832504,0.4882840268850485,0,0,True,70
0,644,2,14,0.2619047619047619,2,0,0,0.42911914076412166,0.07578956889794514,0.49509129033793337,0,0,True,70
0,645,19,11,0.0,2,0,0,0.3612439768044141,0.36904843046191477,0.2697075927336712,0,0,True,70
0,629,4,2,0.09523809523809523,6,0,0,0.31982029847420224,0.2663511329167136,0.4138285686090841,0,0,True,71
0,634,7,1,0.2619047619047619,2,0,0,0.41332975144267053,0.07788575234931593,0.5087844962080135,0,0,True,71
0,638,0,18,0.0,2,0,0,0.359368272707221,0.3723245499825282,0.2683071773102507,0,0,True,71
0,639,2,20,0.0,2,0,0,0.3491242163908625,0.378278225855095,0.2725975577540424,0,0,True,71
0,640,16,2,0.0,2,0,0,0.366891430548758,0.3679522152409527,0.2651563542102894,0,0,True,71
0,641,1,5,0.09523809523809523,6,0,0,0.3165734144140244,0.2737992930981174,0.4096272924878581,0,0,True,71
0,642,14,20,0.2619047619047619,2,0,0,0.4158531088941706,0.07225629100562546,0.5118906001002039,0,0,True,71
0,643,0,0,0.2619047619047619,2,0,0,0.43057972385662646,0.08113624925832504,0.4882840268850485,0,0,True,71
0,644,2,14,0.2619047619047619,2,0,0,0.42911914076412166,0.07578956889794514,0.49509129033793337,0,0,True,71
0,645,19,11,0.0,2,0,0,0.3612439768044141,0.36904843046191477,0.2697075927336712,0,0,True,71
0,629,4,2,0.09523809523809523,6,0,0,0.31982029847420224,0.2663511329167136,0.4138285686090841,0,0,True,72
0,634,7,1,0.2619047619047619,2,0,0,0.41332975144267053,0.07788575234931593,0.5087844962080135,0,0,True,72
0,638,0,18,0.0,2,0,0,0.359368272707221,0.3723245499825282,0.2683071773102507,0,0,True,72
0,639,2,20,0.0,2,0,0,0.3491242163908625,0.378278225855095,0.2725975577540424,0,0,True,72
0,640,16,2,0.0,2,0,0,0.366891430548758,0.3679522152409527,0.2651563542102894,0,0,True,72
0,641,1,5,0.09523809523809523,6,0,0,0.3165734144140244,0.2737992930981174,0.4096272924878581,0,0,True,72
0,642,14,20,0.2619047619047619,2,0,0,0.4158531088941706,0.07225629100562546,0.5118906001002039,0,0,True,72
0,643,0,0,0.2619047619047619,2,0,0,0.43057972385662646,0.08113624925832504,0.4882840268850485,0,0,True,72
0,644,2,14,0.2619047619047619,2,0,0,0.42911914076412166,0.07578956889794514,0.49509129033793337,0,0,True,72
0,645,19,11,0.0,2,0,0,0.3612439768044141,0.36904843046191477,0.2697075927336712,0,0,True,72
0,629,4,2,0.09523809523809523,6,0,0,0.31982029847420224,0.2663511329167136,0.4138285686090841,0,0,True,73
0,634,7,1,0.2619047619047619,2,0,0,0.41332975144267053,0.07788575234931593,0.5087844962080135,0,0,True,73
0,638,0,18,0.0,2,0,0,0.359368272707221,0.3723245499825282,0.2683071773102507,0,0,True,73
0,639,2,20,0.0,2,0,0,0.3491242163908625,0.378278225855095,0.2725975577540424,0,0,True,73
0,640,16,2,0.0,2,0,0,0.366891430548758,0.3679522152409527,0.2651563542102894,0,0,True,73
0,641,1,5,0.09523809523809523,6,0,0,0.3165734144140244,0.2737992930981174,0.4096272924878581,0,0,True,73
0,642,14,20,0.2619047619047619,2,0,0,0.4158531088941706,0.07225629100562546,0.5118906001002039,0,0,True,73
0,643,0,0,0.2619047619047619,2,0,0,0.43057972385662646,0.08113624925832504,0.4882840268850485,0,0,True,73
0,644,2,14,0.2619047619047619,2,0,0,0.42911914076412166,0.07578956889794514,0.49509129033793337,0,0,True,73
0,645,19,11,0.0,2,0,0,0.3612439768044141,0.36904843046191477,0.2697075927336712,0,0,True,73
0,629,4,2,0.09523809523809523,6,0,0,0.31982029847420224,0.2663511329167136,0.4138285686090841,0,0,True,74
0,634,7,1,0.2619047619047619,2,0,0,0.41332975144267053,0.07788575234931593,0.5087844962080135,0,0,True,74
0,638,0,18,0.0,2,0,0,0.359368272707221,0.3723245499825282,0.2683071773102507,0,0,True,74
0,639,2,20,0.0,2,0,0,0.3491242163908625,0.378278225855095,0.2725975577540424,0,0,True,74
0,640,16,2,0.0,2,0,0,0.366891430548758,0.3679522152409527,0.2651563542102894,0,0,True,74
0,641,1,5,0.09523809523809523,6,0,0,0.3165734144140244,0.2737992930981174,0.4096272924878581,0,0,True,74
0,642,14,20,0.2619047619047619,2,0,0,0.4158531088941706,0.07225629100562546,0.5118906001002039,0,0,True,74
0,643,0,0,0.2619047619047619,2,0,0,0.43057972385662646,0.08113624925832504,0.4882840268850485,0,0,True,74
0,644,2,14,0.2619047619047619,2,0,0,0.42911914076412166,0.07578956889794514,0.49509129033793337,0,0,True,74
0,645,19,11,0.0,2,0,0,0.3612439768044141,0.36904843046191477,0.2697075927336712,0,0,True,74
0,629,4,2,0.09523809523809523,6,0,0,0.31982029847420224,0.2663511329167136,0.4138285686090841,0,0,True,75
0,634,7,1,0.2619047619047619,2,0,0,0.41332975144267053,0.07788575234931593,0.5087844962080135,0,0,True,75
0,638,0,18,0.0,2,0,0,0.359368272707221,0.3723245499825282,0.2683071773102507,0,0,True,75
0,639,2,20,0.0,2,0,0,0.3491242163908625,0.378278225855095,0.2725975577540424,0,0,True,75
0,640,16,2,0.0,2,0,0,0.366891430548758,0.3679522152409527,0.2651563542102894,0,0,True,75
0,641,1,5,0.09523809523809523,6,0,0,0.3165734144140244,0.2737992930981174,0.4096272924878581,0,0,True,75
0,642,14,20,0.2619047619047619,2,0,0,0.4158531088941706,0.07225629100562546,0.5118906001002039,0,0,True,75
0,643,0,0,0.2619047619047619,2,0,0,0.43057972385662646,0.08113624925832504,0.4882840268850485,0,0,True,75
0,644,2,14,0.2619047619047619,2,0,0,0.42911914076412166,0.07578956889794514,0.49509129033793337,0,0,True,75
0,645,19,11,0.0,2,0,0,0.3612439768044141,0.36904843046191477,0.2697075927336712,0,0,True,75
0,629,4,2,0.09523809523809523,6,0,0,0.31982029847420224,0.2663511329167136,0.4138285686090841,0,0,True,76
0,634,7,1,0.2619047619047619,2,0,0,0.41332975144267053,0.07788575234931593,0.5087844962080135,0,0,True,76
0,638,0,18,0.0,2,0,0,0.359368272707221,0.3723245499825282,0.2683071773102507,0,0,True,76
0,639,2,20,0.0,2,0,0,0.3491242163908625,0.378278225855095,0.2725975577540424,0,0,True,76
0,640,16,2,0.0,2,0,0,0.366891430548758,0.3679522152409527,0.2651563542102894,0,0,True,76
0,641,1,5,0.09523809523809523,6,0,0,0.3165734144140244,0.2737992930981174,0.4096272924878581,0,0,True,76
0,642,14,20,0.2619047619047619,2,0,0,0.4158531088941706,0.07225629100562546,0.5118906001002039,0,0,True,76
0,643,0,0,0.2619047619047619,2,0,0,0.43057972385662646,0.08113624925832504,0.4882840268850485,0,0,True,76
0,644,2,14,0.2619047619047619,2,0,0,0.42911914076412166,0.07578956889794514,0.49509129033793337,0,0,True,76
0,645,19,11,0.0,2,0,0,0.3612439768044141,0.36904843046191477,0.2697075927336712,0,0,True,76
0,629,4,2,0.09523809523809523,6,0,0,0.31982029847420224,0.2663511329167136,0.4138285686090841,0,0,True,77
0,634,7,1,0.2619047619047619,2,0,0,0.41332975144267053,0.07788575234931593,0.5087844962080135,0,0,True,77
0,638,0,18,0.0,2,0,0,0.359368272707221,0.3723245499825282,0.2683071773102507,0,0,True,77
0,639,2,20,0.0,2,0,0,0.3491242163908625,0.378278225855095,0.2725975577540424,0,0,True,77
0,640,16,2,0.0,2,0,0,0.366891430548758,0.3679522152409527,0.2651563542102894,0,0,True,77
0,641,1,5,0.09523809523809523,6,0,0,0.3165734144140244,0.2737992930981174,0.4096272924878581,0,0,True,77
0,642,14,20,0.2619047619047619,2,0,0,0.4158531088941706,0.07225629100562546,0.5118906001002039,0,0,True,77
0,643,0,0,0.2619047619047619,2,0,0,0.43057972385662646,0.08113624925832504,0.4882840268850485,0,0,True,77
0,644,2,14,0.2619047619047619,2,0,0,0.42911914076412166,0.07578956889794514,0.49509129033793337,0,0,True,77
0,645,19,11,0.0,2,0,0,0.3612439768044141,0.36904843046191477,0.2697075927336712,0,0,True,77
0,629,4,2,0.09523809523809523,6,0,0,0.31982029847420224,0.2663511329167136,0.4138285686090841,0,0,True,78
0,634,7,1,0.2619047619047619,2,0,0,0.41332975144267053,0.07788575234931593,0.5087844962080135,0,0,True,78
0,638,0,18,0.0,2,0,0,0.359368272707221,0.3723245499825282,0.2683071773102507,0,0,True,78
0,639,2,20,0.0,2,0,0,0.3491242163908625,0.378278225855095,0.2725975577540424,0,0,True,78
0,640,16,2,0.0,2,0,0,0.366891430548758,0.3679522152409527,0.2651563542102894,0,0,True,78
0,641,1,5,0.09523809523809523,6,0,0,0.3165734144140244,0.2737992930981174,0.4096272924878581,0,0,True,78
0,642,14,20,0.2619047619047619,2,0,0,0.4158531088941706,0.07225629100562546,0.5118906001002039,0,0,True,78
0,643,0,0,0.2619047619047619,2,0,0,0.43057972385662646,0.08113624925832504,0.4882840268850485,0,0,True,78
0,644,2,14,0.2619047619047619,2,0,0,0.42911914076412166,0.07578956889794514,0.49509129033793337,0,0,True,78
0,645,19,11,0.0,2,0,0,0.3612439768044141,0.36904843046191477,0.2697075927336712,0,0,True,78
0,629,4,2,0.09523809523809523,6,0,0,0.31982029847420224,0.2663511329167136,0.4138285686090841,0,0,True,79
0,634,7,1,0.2619047619047619,2,0,0,0.41332975144267053,0.07788575234931593,0.5087844962080135,0,0,True,79
0,638,0,18,0.0,2,0,0,0.359368272707221,0.3723245499825282,0.2683071773102507,0,0,True,79
0,639,2,20,0.0,2,0,0,0.3491242163908625,0.378278225855095,0.2725975577540424,0,0,True,79
0,640,16,2,0.0,2,0,0,0.366891430548758,0.3679522152409527,0.2651563542102894,0,0,True,79
0,641,1,5,0.09523809523809523,6,0,0,0.3165734144140244,0.2737992930981174,0.4096272924878581,0,0,True,79
0,642,14,20,0.2619047619047619,2,0,0,0.4158531088941706,0.07225629100562546,0.5118906001002039,0,0,True,79
0,643,0,0,0.2619047619047619,2,0,0,0.43057972385662646,0.08113624925832504,0.4882840268850485,0,0,True,79
0,644,2,14,0.2619047619047619,2,0,0,0.42911914076412166,0.07578956889794514,0.49509129033793337,0,0,True,79
0,645,19,11,0.0,2,0,0,0.3612439768044141,0.36904843046191477,0.2697075927336712,0,0,True,79
0,629,4,2,0.09523809523809523,6,0,0,0.31982029847420224,0.2663511329167136,0.4138285686090841,0,0,True,80
0,634,7,1,0.2619047619047619,2,0,0,0.41332975144267053,0.07788575234931593,0.5087844962080135,0,0,True,80
0,638,0,18,0.0,2,0,0,0.359368272707221,0.3723245499825282,0.2683071773102507,0,0,True,80
0,639,2,20,0.0,2,0,0,0.3491242163908625,0.378278225855095,0.2725975577540424,0,0,True,80
0,640,16,2,0.0,2,0,0,0.366891430548758,0.3679522152409527,0.2651563542102894,0,0,True,80
0,641,1,5,0.09523809523809523,6,0,0,0.3165734144140244,0.2737992930981174,0.4096272924878581,0,0,True,80
0,642,14,20,0.2619047619047619,2,0,0,0.4158531088941706,0.07225629100562546,0.5118906001002039,0,0,True,80
0,643,0,0,0.2619047619047619,2,0,0,0.43057972385662646,0.08113624925832504,0.4882840268850485,0,0,True,80
0,644,2,14,0.2619047619047619,2,0,0,0.42911914076412166,0.07578956889794514,0.49509129033793337,0,0,True,80
0,645,19,11,0.0,2,0,0,0.3612439768044141,0.36904843046191477,0.2697075927336712,0,0,True,80
0,629,4,2,0.09523809523809523,6,0,0,0.31982029847420224,0.2663511329167136,0.4138285686090841,0,0,True,81
0,634,7,1,0.2619047619047619,2,0,0,0.41332975144267053,0.07788575234931593,0.5087844962080135,0,0,True,81
0,638,0,18,0.0,2,0,0,0.359368272707221,0.3723245499825282,0.2683071773102507,0,0,True,81
0,639,2,20,0.0,2,0,0,0.3491242163908625,0.378278225855095,0.2725975577540424,0,0,True,81
0,640,16,2,0.0,2,0,0,0.366891430548758,0.3679522152409527,0.2651563542102894,0,0,True,81
0,641,1,5,0.09523809523809523,6,0,0,0.3165734144140244,0.2737992930981174,0.4096272924878581,0,0,True,81
0,642,14,20,0.2619047619047619,2,0,0,0.4158531088941706,0.07225629100562546,0.5118906001002039,0,0,True,81
0,643,0,0,0.2619047619047619,2,0,0,0.43057972385662646,0.08113624925832504,0.4882840268850485,0,0,True,81
0,644,2,14,0.2619047619047619,2,0,0,0.42911914076412166,0.07578956889794514,0.49509129033793337,0,0,True,81
0,645,19,11,0.0,2,0,0,0.3612439768044141,0.36904843046191477,0.2697075927336712,0,0,True,81
0,629,4,2,0.09523809523809523,6,0,0,0.31982029847420224,0.2663511329167136,0.4138285686090841,0,0,True,82
0,634,7,1,0.2619047619047619,2,0,0,0.41332975144267053,0.07788575234931593,0.5087844962080135,0,0,True,82
0,638,0,18,0.0,2,0,0,0.359368272707221,0.3723245499825282,0.2683071773102507,0,0,True,82
0,639,2,20,0.0,2,0,0,0.3491242163908625,0.378278225855095,0.2725975577540424,0,0,True,82
0,640,16,2,0.0,2,0,0,0.366891430548758,0.3679522152409527,0.2651563542102894,0,0,True,82
0,641,1,5,0.09523809523809523,6,0,0,0.3165734144140244,0.2737992930981174,0.4096272924878581,0,0,True,82
0,642,14,20,0.2619047619047619,2,0,0,0.4158531088941706,0.07225629100562546,0.5118906001002039,0,0,True,82
0,643,0,0,0.2619047619047619,2,0,0,0.43057972385662646,0.08113624925832504,0.4882840268850485,0,0,True,82
0,644,2,14,0.2619047619047619,2,0,0,0.42911914076412166,0.07578956889794514,0.49509129033793337,0,0,True,82
0,645,19,11,0.0,2,0,0,0.3612439768044141,0.36904843046191477,0.2697075927336712,0,0,True,82
0,629,4,2,0.09523809523809523,6,0,0,0.31982029847420224,0.2663511329167136,0.4138285686090841,0,0,True,83
0,634,7,1,0.2619047619047619,2,0,0,0.41332975144267053,0.07788575234931593,0.5087844962080135,0,0,True,83
0,638,0,18,0.0,2,0,0,0.359368272707221,0.3723245499825282,0.2683071773102507,0,0,True,83
0,639,2,20,0.0,2,0,0,0.3491242163908625,0.378278225855095,0.2725975577540424,0,0,True,83
0,640,16,2,0.0,2,0,0,0.366891430548758,0.3679522152409527,0.2651563542102894,0,0,True,83
0,641,1,5,0.09523809523809523,6,0,0,0.3165734144140244,0.2737992930981174,0.4096272924878581,0,0,True,83
0,642,14,20,0.2619047619047619,2,0,0,0.4158531088941706,0.07225629100562546,0.5118906001002039,0,0,True,83
0,643,0,0,0.2619047619047619,2,0,0,0.43057972385662646,0.08113624925832504,0.4882840268850485,0,0,True,83
0,644,2,14,0.2619047619047619,2,0,0,0.42911914076412166,0.07578956889794514,0.49509129033793337,0,0,True,83
0,645,19,11,0.0,2,0,0,0.3612439768044141,0.36904843046191477,0.2697075927336712,0,0,True,83
0,629,4,2,0.09523809523809523,6,0,0,0.31982029847420224,0.2663511329167136,0.4138285686090841,0,0,True,84
0,634,7,1,0.2619047619047619,2,0,0,0.41332975144267053,0.07788575234931593,0.5087844962080135,0,0,True,84
0,638,0,18,0.0,2,0,0,0.359368272707221,0.3723245499825282,0.2683071773102507,0,0,True,84
0,639,2,20,0.0,2,0,0,0.3491242163908625,0.378278225855095,0.2725975577540424,0,0,True,84
0,640,16,2,0.0,2,0,0,0.366891430548758,0.3679522152409527,0.2651563542102894,0,0,True,84
0,641,1,5,0.09523809523809523,6,0,0,0.3165734144140244,0.2737992930981174,0.4096272924878581,0,0,True,84
0,642,14,20,0.2619047619047619,2,0,0,0.4158531088941706,0.07225629100562546,0.5118906001002039,0,0,True,84
0,643,0,0,0.2619047619047619,2,0,0,0.43057972385662646,0.08113624925832504,0.4882840268850485,0,0,True,84
0,644,2,14,0.2619047619047619,2,0,0,0.42911914076412166,0.07578956889794514,0.49509129033793337,0,0,True,84
0,645,19,11,0.0,2,0,0,0.3612439768044141,0.36904843046191477,0.2697075927336712,0,0,True,84
0,629,4,2,0.09523809523809523,6,0,0,0.31982029847420224,0.2663511329167136,0.4138285686090841,0,0,True,85
0,634,7,1,0.2619047619047619,2,0,0,0.41332975144267053,0.07788575234931593,0.5087844962080135,0,0,True,85
0,638,0,18,0.0,2,0,0,0.359368272707221,0.3723245499825282,0.2683071773102507,0,0,True,85
0,639,2,20,0.0,2,0,0,0.3491242163908625,0.378278225855095,0.2725975577540424,0,0,True,85
0,640,16,2,0.0,2,0,0,0.366891430548758,0.3679522152409527,0.2651563542102894,0,0,True,85
0,641,1,5,0.09523809523809523,6,0,0,0.3165734144140244,0.2737992930981174,0.4096272924878581,0,0,True,85
0,642,14,20,0.2619047619047619,2,0,0,0.4158531088941706,0.07225629100562546,0.5118906001002039,0,0,True,85
0,643,0,0,0.2619047619047619,2,0,0,0.43057972385662646,0.08113624925832504,0.4882840268850485,0,0,True,85
0,644,2,14,0.2619047619047619,2,0,0,0.42911914076412166,0.07578956889794514,0.49509129033793337,0,0,True,85
0,645,19,11,0.0,2,0,0,0.3612439768044141,0.36904843046191477,0.2697075927336712,0,0,True,85
0,629,4,2,0.09523809523809523,6,0,0,0.31982029847420224,0.2663511329167136,0.4138285686090841,0,0,True,86
0,634,7,1,0.2619047619047619,2,0,0,0.41332975144267053,0.07788575234931593,0.5087844962080135,0,0,True,86
0,638,0,18,0.0,2,0,0,0.359368272707221,0.3723245499825282,0.2683071773102507,0,0,True,86
0,639,2,20,0.0,2,0,0,0.3491242163908625,0.378278225855095,0.2725975577540424,0,0,True,86
0,640,16,2,0.0,2,0,0,0.366891430548758,0.3679522152409527,0.2651563542102894,0,0,True,86
0,641,1,5,0.09523809523809523,6,0,0,0.3165734144140244,0.2737992930981174,0.4096272924878581,0,0,True,86
0,642,14,20,0.2619047619047619,2,0,0,0.4158531088941706,0.07225629100562546,0.5118906001002039,0,0,True,86
0,643,0,0,0.2619047619047619,2,0,0,0.43057972385662646,0.08113624925832504,0.4882840268850485,0,0,True,86
0,644,2,14,0.2619047619047619,2,0,0,0.42911914076412166,0.07578956889794514,0.49509129033793337,0,0,True,86
0,645,19,11,0.0,2,0,0,0.3612439768044141,0.36904843046191477,0.2697075927336712,0,0,True,86
0,629,4,2,0.09523809523809523,6,0,0,0.31982029847420224,0.2663511329167136,0.4138285686090841,0,0,True,87
0,634,7,1,0.2619047619047619,2,0,0,0.41332975144267053,0.07788575234931593,0.5087844962080135,0,0,True,87
0,638,0,18,0.0,2,0,0,0.359368272707221,0.3723245499825282,0.2683071773102507,0,0,True,87
0,639,2,20,0.0,2,0,0,0.3491242163908625,0.378278225855095,0.2725975577540424,0,0,True,87
0,640,16,2,0.0,2,0,0,0.366891430548758,0.3679522152409527,0.2651563542102894,0,0,True,87
0,641,1,5,0.09523809523809523,6,0,0,0.3165734144140244,0.2737992930981174,0.4096272924878581,0,0,True,87
0,642,14,20,0.2619047619047619,2,0,0,0.4158531088941706,0.07225629100562546,0.5118906001002039,0,0,True,87
0,643,0,0,0.2619047619047619,2,0,0,0.43057972385662646,0.08113624925832504,0.4882840268850485,0,0,True,87
0,644,2,14,0.2619047619047619,2,0,0,0.42911914076412166,0.07578956889794514,0.49509129033793337,0,0,True,87
0,645,19,11,0.0,2,0,0,0.3612439768044141,0.36904843046191477,0.2697075927336712,0,0,True,87
0,629,4,2,0.09523809523809523,6,0,0,0.31982029847420224,0.2663511329167136,0.4138285686090841,0,0,True,88
0,634,7,1,0.2619047619047619,2,0,0,0.41332975144267053,0.07788575234931593,0.5087844962080135,0,0,True,88
0,638,0,18,0.0,2,0,0,0.359368272707221,0.3723245499825282,0.2683071773102507,0,0,True,88
0,639,2,20,0.0,2,0,0,0.3491242163908625,0.378278225855095,0.2725975577540424,0,0,True,88
0,640,16,2,0.0,2,0,0,0.366891430548758,0.3679522152409527,0.2651563542102894,0,0,True,88
0,641,1,5,0.09523809523809523,6,0,0,0.3165734144140244,0.2737992930981174,0.4096272924878581,0,0,True,88
0,642,14,20,0.2619047619047619,2,0,0,0.4158531088941706,0.07225629100562546,0.5118906001002039,0,0,True,88
0,643,0,0,0.2619047619047619,2,0,0,0.43057972385662646,0.08113624925832504,0.4882840268850485,0,0,True,88
0,644,2,14,0.2619047619047619,2,0,0,0.42911914076412166,0.07578956889794514,0.49509129033793337,0,0,True,88
0,645,19,11,0.0,2,0,0,0.3612439768044141,0.36904843046191477,0.2697075927336712,0,0,True,88
0,629,4,2,0.09523809523809523,6,0,0,0.31982029847420224,0.2663511329167136,0.4138285686090841,0,0,True,89
0,634,7,1,0.2619047619047619,2,0,0,0.41332975144267053,0.07788575234931593,0.5087844962080135,0,0,True,89
0,638,0,18,0.0,2,0,0,0.359368272707221,0.3723245499825282,0.2683071773102507,0,0,True,89
0,639,2,20,0.0,2,0,0,0.3491242163908625,0.378278225855095,0.2725975577540424,0,0,True,89
0,640,16,2,0.0,2,0,0,0.366891430548758,0.3679522152409527,0.2651563542102894,0,0,True,89
0,641,1,5,0.09523809523809523,6,0,0,0.3165734144140244,0.2737992930981174,0.4096272924878581,0,0,True,89
0,642,14,20,0.2619047619047619,2,0,0,0.4158531088941706,0.07225629100562546,0.5118906001002039,0,0,True,89
0,643,0,0,0.2619047619047619,2,0,0,0.43057972385662646,0.08113624925832504,0.4882840268850485,0,0,True,89
0,644,2,14,0.2619047619047619,2,0,0,0.42911914076412166,0.07578956889794514,0.49509129033793337,0,0,True,89
0,645,19,11,0.0,2,0,0,0.3612439768044141,0.36904843046191477,0.2697075927336712,0,0,True,89
0,629,4,2,0.09523809523809523,6,0,0,0.31982029847420224,0.2663511329167136,0.4138285686090841,0,0,True,90
0,634,7,1,0.2619047619047619,2,0,0,0.41332975144267053,0.07788575234931593,0.5087844962080135,0,0,True,90
0,638,0,18,0.0,2,0,0,0.359368272707221,0.3723245499825282,0.2683071773102507,0,0,True,90
0,639,2,20,0.0,2,0,0,0.3491242163908625,0.378278225855095,0.2725975577540424,0,0,True,90
0,640,16,2,0.0,2,0,0,0.366891430548758,0.3679522152409527,0.2651563542102894,0,0,True,90
0,641,1,5,0.09523809523809523,6,0,0,0.3165734144140244,0.2737992930981174,0.4096272924878581,0,0,True,90
0,642,14,20,0.2619047619047619,2,0,0,0.4158531088941706,0.07225629100562546,0.5118906001002039,0,0,True,90
0,643,0,0,0.2619047619047619,2,0,0,0.43057972385662646,0.08113624925832504,0.4882840268850485,0,0,True,90
0,644,2,14,0.2619047619047619,2,0,0,0.42911914076412166,0.07578956889794514,0.49509129033793337,0,0,True,90
0,645,19,11,0.0,2,0,0,0.3612439768044141,0.36904843046191477,0.2697075927336712,0,0,True,90
0,629,4,2,0.09523809523809523,6,0,0,0.31982029847420224,0.2663511329167136,0.4138285686090841,0,0,True,91
0,634,7,1,0.2619047619047619,2,0,0,0.41332975144267053,0.07788575234931593,0.5087844962080135,0,0,True,91
0,638,0,18,0.0,2,0,0,0.359368272707221,0.3723245499825282,0.2683071773102507,0,0,True,91
0,639,2,20,0.0,2,0,0,0.3491242163908625,0.378278225855095,0.2725975577540424,0,0,True,91
0,640,16,2,0.0,2,0,0,0.366891430548758,0.3679522152409527,0.2651563542102894,0,0,True,91
0,641,1,5,0.09523809523809523,6,0,0,0.3165734144140244,0.2737992930981174,0.4096272924878581,0,0,True,91
0,642,14,20,0.2619047619047619,2,0,0,0.4158531088941706,0.07225629100562546,0.5118906001002039,0,0,True,91
0,643,0,0,0.2619047619047619,2,0,0,0.43057972385662646,0.08113624925832504,0.4882840268850485,0,0,True,91
0,644,2,14,0.2619047619047619,2,0,0,0.42911914076412166,0.07578956889794514,0.49509129033793337,0,0,True,91
0,645,19,11,0.0,2,0,0,0.3612439768044141,0.36904843046191477,0.2697075927336712,0,0,True,91
0,629,4,2,0.09523809523809523,6,0,0,0.31982029847420224,0.2663511329167136,0.4138285686090841,0,0,True,92
0,634,7,1,0.2619047619047619,2,0,0,0.41332975144267053,0.07788575234931593,0.5087844962080135,0,0,True,92
0,638,0,18,0.0,2,0,0,0.359368272707221,0.3723245499825282,0.2683071773102507,0,0,True,92
0,639,2,20,0.0,2,0,0,0.3491242163908625,0.378278225855095,0.2725975577540424,0,0,True,92
0,640,16,2,0.0,2,0,0,0.366891430548758,0.3679522152409527,0.2651563542102894,0,0,True,92
0,641,1,5,0.09523809523809523,6,0,0,0.3165734144140244,0.2737992930981174,0.4096272924878581,0,0,True,92
0,642,14,20,0.2619047619047619,2,0,0,0.4158531088941706,0.07225629100562546,0.5118906001002039,0,0,True,92
0,643,0,0,0.2619047619047619,2,0,0,0.43057972385662646,0.08113624925832504,0.4882840268850485,0,0,True,92
0,644,2,14,0.2619047619047619,2,0,0,0.42911914076412166,0.07578956889794514,0.49509129033793337,0,0,True,92
0,645,19,11,0.0,2,0,0,0.3612439768044141,0.36904843046191477,0.2697075927336712,0,0,True,92
0,629,4,2,0.09523809523809523,6,0,0,0.31982029847420224,0.2663511329167136,0.4138285686090841,0,0,True,93
0,634,7,1,0.2619047619047619,2,0,0,0.41332975144267053,0.07788575234931593,0.5087844962080135,0,0,True,93
0,638,0,18,0.0,2,0,0,0.359368272707221,0.3723245499825282,0.2683071773102507,0,0,True,93
0,639,2,20,0.0,2,0,0,0.3491242163908625,0.378278225855095,0.2725975577540424,0,0,True,93
0,640,16,2,0.0,2,0,0,0.366891430548758,0.3679522152409527,0.2651563542102894,0,0,True,93
0,641,1,5,0.09523809523809523,6,0,0,0.3165734144140244,0.2737992930981174,0.4096272924878581,0,0,True,93
0,642,14,20,0.2619047619047619,2,0,0,0.4158531088941706,0.07225629100562546,0.5118906001002039,0,0,True,93
0,643,0,0,0.2619047619047619,2,0,0,0.43057972385662646,0.08113624925832504,0.4882840268850485,0,0,True,93
0,644,2,14,0.2619047619047619,2,0,0,0.42911914076412166,0.07578956889794514,0.49509129033793337,0,0,True,93
0,645,19,11,0.0,2,0,0,0.3612439768044141,0.36904843046191477,0.2697075927336712,0,0,True,93
0,629,4,2,0.09523809523809523,6,0,0,0.31982029847420224,0.2663511329167136,0.4138285686090841,0,0,True,94
0,634,7,1,0.2619047619047619,2,0,0,0.41332975144267053,0.07788575234931593,0.5087844962080135,0,0,True,94
0,638,0,18,0.0,2,0,0,0.359368272707221,0.3723245499825282,0.2683071773102507,0,0,True,94
0,639,2,20,0.0,2,0,0,0.3491242163908625,0.378278225855095,0.2725975577540424,0,0,True,94
0,640,16,2,0.0,2,0,0,0.366891430548758,0.3679522152409527,0.2651563542102894,0,0,True,94
0,641,1,5,0.09523809523809523,6,0,0,0.3165734144140244,0.2737992930981174,0.4096272924878581,0,0,True,94
0,642,14,20,0.2619047619047619,2,0,0,0.4158531088941706,0.07225629100562546,0.5118906001002039,0,0,True,94
0,643,0,0,0.2619047619047619,2,0,0,0.43057972385662646,0.08113624925832504,0.4882840268850485,0,0,True,94
0,644,2,14,0.2619047619047619,2,0,0,0.42911914076412166,0.07578956889794514,0.49509129033793337,0,0,True,94
0,645,19,11,0.0,2,0,0,0.3612439768044141,0.36904843046191477,0.2697075927336712,0,0,True,94
0,629,4,2,0.09523809523809523,6,0,0,0.31982029847420224,0.2663511329167136,0.4138285686090841,0,0,True,95
0,634,7,1,0.2619047619047619,2,0,0,0.41332975144267053,0.07788575234931593,0.5087844962080135,0,0,True,95
0,638,0,18,0.0,2,0,0,0.359368272707221,0.3723245499825282,0.2683071773102507,0,0,True,95
0,639,2,20,0.0,2,0,0,0.3491242163908625,0.378278225855095,0.2725975577540424,0,0,True,95
0,640,16,2,0.0,2,0,0,0.366891430548758,0.3679522152409527,0.2651563542102894,0,0,True,95
0,641,1,5,0.09523809523809523,6,0,0,0.3165734144140244,0.2737992930981174,0.4096272924878581,0,0,True,95
0,642,14,20,0.2619047619047619,2,0,0,0.4158531088941706,0.07225629100562546,0.5118906001002039,0,0,True,95
0,643,0,0,0.2619047619047619,2,0,0,0.43057972385662646,0.08113624925832504,0.4882840268850485,0,0,True,95
0,644,2,14,0.2619047619047619,2,0,0,0.42911914076412166,0.07578956889794514,0.49509129033793337,0,0,True,95
0,645,19,11,0.0,2,0,0,0.3612439768044141,0.36904843046191477,0.2697075927336712,0,0,True,95
0,629,4,2,0.09523809523809523,6,0,0,0.31982029847420224,0.2663511329167136,0.4138285686090841,0,0,True,96
0,634,7,1,0.2619047619047619,2,0,0,0.41332975144267053,0.07788575234931593,0.5087844962080135,0,0,True,96
0,638,0,18,0.0,2,0,0,0.359368272707221,0.3723245499825282,0.2683071773102507,0,0,True,96
0,639,2,20,0.0,2,0,0,0.3491242163908625,0.378278225855095,0.2725975577540424,0,0,True,96
0,640,16,2,0.0,2,0,0,0.366891430548758,0.3679522152409527,0.2651563542102894,0,0,True,96
0,641,1,5,0.09523809523809523,6,0,0,0.3165734144140244,0.2737992930981174,0.4096272924878581,0,0,True,96
0,642,14,20,0.2619047619047619,2,0,0,0.4158531088941706,0.07225629100562546,0.5118906001002039,0,0,True,96
0,643,0,0,0.2619047619047619,2,0,0,0.43057972385662646,0.08113624925832504,0.4882840268850485,0,0,True,96
0,644,2,14,0.2619047619047619,2,0,0,0.42911914076412166,0.07578956889794514,0.49509129033793337,0,0,True,96
0,645,19,11,0.0,2,0,0,0.3612439768044141,0.36904843046191477,0.2697075927336712,0,0,True,96
0,629,4,2,0.09523809523809523,6,0,0,0.31982029847420224,0.2663511329167136,0.4138285686090841,0,0,True,97
0,634,7,1,0.2619047619047619,2,0,0,0.41332975144267053,0.07788575234931593,0.5087844962080135,0,0,True,97
0,638,0,18,0.0,2,0,0,0.359368272707221,0.3723245499825282,0.2683071773102507,0,0,True,97
0,639,2,20,0.0,2,0,0,0.3491242163908625,0.378278225855095,0.2725975577540424,0,0,True,97
0,640,16,2,0.0,2,0,0,0.366891430548758,0.3679522152409527,0.2651563542102894,0,0,True,97
0,641,1,5,0.09523809523809523,6,0,0,0.3165734144140244,0.2737992930981174,0.4096272924878581,0,0,True,97
0,642,14,20,0.2619047619047619,2,0,0,0.4158531088941706,0.07225629100562546,0.5118906001002039,0,0,True,97
0,643,0,0,0.2619047619047619,2,0,0,0.43057972385662646,0.08113624925832504,0.4882840268850485,0,0,True,97
0,644,2,14,0.2619047619047619,2,0,0,0.42911914076412166,0.07578956889794514,0.49509129033793337,0,0,True,97
0,645,19,11,0.0,2,0,0,0.3612439768044141,0.36904843046191477,0.2697075927336712,0,0,True,97
0,629,4,2,0.09523809523809523,6,0,0,0.31982029847420224,0.2663511329167136,0.4138285686090841,0,0,True,98
0,634,7,1,0.2619047619047619,2,0,0,0.41332975144267053,0.07788575234931593,0.5087844962080135,0,0,True,98
0,638,0,18,0.0,2,0,0,0.359368272707221,0.3723245499825282,0.2683071773102507,0,0,True,98
0,639,2,20,0.0,2,0,0,0.3491242163908625,0.378278225855095,0.2725975577540424,0,0,True,98
0,640,16,2,0.0,2,0,0,0.366891430548758,0.3679522152409527,0.2651563542102894,0,0,True,98
0,641,1,5,0.09523809523809523,6,0,0,0.3165734144140244,0.2737992930981174,0.4096272924878581,0,0,True,98
0,642,14,20,0.2619047619047619,2,0,0,0.4158531088941706,0.07225629100562546,0.5118906001002039,0,0,True,98
0,643,0,0,0.2619047619047619,2,0,0,0.43057972385662646,0.08113624925832504,0.4882840268850485,0,0,True,98
0,644,2,14,0.2619047619047619,2,0,0,0.42911914076412166,0.07578956889794514,0.49509129033793337,0,0,True,98
0,645,19,11,0.0,2,0,0,0.3612439768044141,0.36904843046191477,0.2697075927336712,0,0,True,98
0,629,4,2,0.09523809523809523,6,0,0,0.31982029847420224,0.2663511329167136,0.4138285686090841,0,0,True,99
0,634,7,1,0.2619047619047619,2,0,0,0.41332975144267053,0.07788575234931593,0.5087844962080135,0,0,True,99
0,638,0,18,0.0,2,0,0,0.359368272707221,0.3723245499825282,0.2683071773102507,0,0,True,99
0,639,2,20,0.0,2,0,0,0.3491242163908625,0.378278225855095,0.2725975577540424,0,0,True,99
0,640,16,2,0.0,2,0,0,0.366891430548758,0.3679522152409527,0.2651563542102894,0,0,True,99
0,641,1,5,0.09523809523809523,6,0,0,0.3165734144140244,0.2737992930981174,0.4096272924878581,0,0,True,99
0,642,14,20,0.2619047619047619,2,0,0,0.4158531088941706,0.07225629100562546,0.5118906001002039,0,0,True,99
0,643,0,0,0.2619047619047619,2,0,0,0.43057972385662646,0.08113624925832504,0.4882840268850485,0,0,True,99
0,644,2,14,0.2619047619047619,2,0,0,0.42911914076412166,0.07578956889794514,0.49509129033793337,0,0,True,99
0,645,19,11,0.0,2,0,0,0.3612439768044141,0.36904843046191477,0.2697075927336712,0,0,True,99
0,629,4,2,0.09523809523809523,6,0,0,0.31982029847420224,0.2663511329167136,0.4138285686090841,0,0,True,100
0,634,7,1,0.2619047619047619,2,0,0,0.41332975144267053,0.07788575234931593,0.5087844962080135,0,0,True,100
0,638,0,18,0.0,2,0,0,0.359368272707221,0.3723245499825282,0.2683071773102507,0,0,True,100
0,639,2,20,0.0,2,0,0,0.3491242163908625,0.378278225855095,0.2725975577540424,0,0,True,100
0,640,16,2,0.0,2,0,0,0.366891430548758,0.3679522152409527,0.2651563542102894,0,0,True,100
0,641,1,5,0.09523809523809523,6,0,0,0.3165734144140244,0.2737992930981174,0.4096272924878581,0,0,True,100
0,642,14,20,0.2619047619047619,2,0,0,0.4158531088941706,0.07225629100562546,0.5118906001002039,0,0,True,100
0,643,0,0,0.2619047619047619,2,0,0,0.43057972385662646,0.08113624925832504,0.4882840268850485,0,0,True,100
0,644,2,14,0.2619047619047619,2,0,0,0.42911914076412166,0.07578956889794514,0.49509129033793337,0,0,True,100
0,645,19,11,0.0,2,0,0,0.3612439768044141,0.36904843046191477,0.2697075927336712,0,0,True,100
0,629,4,2,0.09523809523809523,6,0,0,0.31982029847420224,0.2663511329167136,0.4138285686090841,0,0,True,101
0,634,7,1,0.2619047619047619,2,0,0,0.41332975144267053,0.07788575234931593,0.5087844962080135,0,0,True,101
0,638,0,18,0.0,2,0,0,0.359368272707221,0.3723245499825282,0.2683071773102507,0,0,True,101
0,639,2,20,0.0,2,0,0,0.3491242163908625,0.378278225855095,0.2725975577540424,0,0,True,101
0,640,16,2,0.0,2,0,0,0.366891430548758,0.3679522152409527,0.2651563542102894,0,0,True,101
0,641,1,5,0.09523809523809523,6,0,0,0.3165734144140244,0.2737992930981174,0.4096272924878581,0,0,True,101
0,642,14,20,0.2619047619047619,2,0,0,0.4158531088941706,0.07225629100562546,0.5118906001002039,0,0,True,101
0,643,0,0,0.2619047619047619,2,0,0,0.43057972385662646,0.08113624925832504,0.4882840268850485,0,0,True,101
0,644,2,14,0.2619047619047619,2,0,0,0.42911914076412166,0.07578956889794514,0.49509129033793337,0,0,True,101
0,645,19,11,0.0,2,0,0,0.3612439768044141,0.36904843046191477,0.2697075927336712,0,0,True,101
0,629,4,2,0.09523809523809523,6,0,0,0.31982029847420224,0.2663511329167136,0.4138285686090841,0,0,True,102
0,634,7,1,0.2619047619047619,2,0,0,0.41332975144267053,0.07788575234931593,0.5087844962080135,0,0,True,102
0,638,0,18,0.0,2,0,0,0.359368272707221,0.3723245499825282,0.2683071773102507,0,0,True,102
0,639,2,20,0.0,2,0,0,0.3491242163908625,0.378278225855095,0.2725975577540424,0,0,True,102
0,640,16,2,0.0,2,0,0,0.366891430548758,0.3679522152409527,0.2651563542102894,0,0,True,102
0,641,1,5,0.09523809523809523,6,0,0,0.3165734144140244,0.2737992930981174,0.4096272924878581,0,0,True,102
0,642,14,20,0.2619047619047619,2,0,0,0.4158531088941706,0.07225629100562546,0.5118906001002039,0,0,True,102
0,643,0,0,0.2619047619047619,2,0,0,0.43057972385662646,0.08113624925832504,0.4882840268850485,0,0,True,102
0,644,2,14,0.2619047619047619,2,0,0,0.42911914076412166,0.07578956889794514,0.49509129033793337,0,0,True,102
0,645,19,11,0.0,2,0,0,0.3612439768044141,0.36904843046191477,0.2697075927336712,0,0,True,102
0,629,4,2,0.09523809523809523,6,0,0,0.31982029847420224,0.2663511329167136,0.4138285686090841,0,0,True,103
0,634,7,1,0.2619047619047619,2,0,0,0.41332975144267053,0.07788575234931593,0.5087844962080135,0,0,True,103
0,638,0,18,0.0,2,0,0,0.359368272707221,0.3723245499825282,0.2683071773102507,0,0,True,103
0,639,2,20,0.0,2,0,0,0.3491242163908625,0.378278225855095,0.2725975577540424,0,0,True,103
0,640,16,2,0.0,2,0,0,0.366891430548758,0.3679522152409527,0.2651563542102894,0,0,True,103
0,641,1,5,0.09523809523809523,6,0,0,0.3165734144140244,0.2737992930981174,0.4096272924878581,0,0,True,103
0,642,14,20,0.2619047619047619,2,0,0,0.4158531088941706,0.07225629100562546,0.5118906001002039,0,0,True,103
0,643,0,0,0.2619047619047619,2,0,0,0.43057972385662646,0.08113624925832504,0.4882840268850485,0,0,True,103
0,644,2,14,0.2619047619047619,2,0,0,0.42911914076412166,0.07578956889794514,0.49509129033793337,0,0,True,103
0,645,19,11,0.0,2,0,0,0.3612439768044141,0.36904843046191477,0.2697075927336712,0,0,True,103
0,629,4,2,0.09523809523809523,6,0,0,0.31982029847420224,0.2663511329167136,0.4138285686090841,0,0,True,104
0,634,7,1,0.2619047619047619,2,0,0,0.41332975144267053,0.07788575234931593,0.5087844962080135,0,0,True,104
0,638,0,18,0.0,2,0,0,0.359368272707221,0.3723245499825282,0.2683071773102507,0,0,True,104
0,639,2,20,0.0,2,0,0,0.3491242163908625,0.378278225855095,0.2725975577540424,0,0,True,104
0,640,16,2,0.0,2,0,0,0.366891430548758,0.3679522152409527,0.2651563542102894,0,0,True,104
0,641,1,5,0.09523809523809523,6,0,0,0.3165734144140244,0.2737992930981174,0.4096272924878581,0,0,True,104
0,642,14,20,0.2619047619047619,2,0,0,0.4158531088941706,0.07225629100562546,0.5118906001002039,0,0,True,104
0,643,0,0,0.2619047619047619,2,0,0,0.43057972385662646,0.08113624925832504,0.4882840268850485,0,0,True,104
0,644,2,14,0.2619047619047619,2,0,0,0.42911914076412166,0.07578956889794514,0.49509129033793337,0,0,True,104
0,645,19,11,0.0,2,0,0,0.3612439768044141,0.36904843046191477,0.2697075927336712,0,0,True,104
0,629,4,2,0.09523809523809523,6,0,0,0.31982029847420224,0.2663511329167136,0.4138285686090841,0,0,True,105
0,634,7,1,0.2619047619047619,2,0,0,0.41332975144267053,0.07788575234931593,0.5087844962080135,0,0,True,105
0,638,0,18,0.0,2,0,0,0.359368272707221,0.3723245499825282,0.2683071773102507,0,0,True,105
0,639,2,20,0.0,2,0,0,0.3491242163908625,0.378278225855095,0.2725975577540424,0,0,True,105
0,640,16,2,0.0,2,0,0,0.366891430548758,0.3679522152409527,0.2651563542102894,0,0,True,105
0,641,1,5,0.09523809523809523,6,0,0,0.3165734144140244,0.2737992930981174,0.4096272924878581,0,0,True,105
0,642,14,20,0.2619047619047619,2,0,0,0.4158531088941706,0.07225629100562546,0.5118906001002039,0,0,True,105
0,643,0,0,0.2619047619047619,2,0,0,0.43057972385662646,0.08113624925832504,0.4882840268850485,0,0,True,105
0,644,2,14,0.2619047619047619,2,0,0,0.42911914076412166,0.07578956889794514,0.49509129033793337,0,0,True,105
0,645,19,11,0.0,2,0,0,0.3612439768044141,0.36904843046191477,0.2697075927336712,0,0,True,105
0,629,4,2,0.09523809523809523,6,0,0,0.31982029847420224,0.2663511329167136,0.4138285686090841,0,0,True,106
0,634,7,1,0.2619047619047619,2,0,0,0.41332975144267053,0.07788575234931593,0.5087844962080135,0,0,True,106
0,638,0,18,0.0,2,0,0,0.359368272707221,0.3723245499825282,0.2683071773102507,0,0,True,106
0,639,2,20,0.0,2,0,0,0.3491242163908625,0.378278225855095,0.2725975577540424,0,0,True,106
0,640,16,2,0.0,2,0,0,0.366891430548758,0.3679522152409527,0.2651563542102894,0,0,True,106
0,641,1,5,0.09523809523809523,6,0,0,0.3165734144140244,0.2737992930981174,0.4096272924878581,0,0,True,106
0,642,14,20,0.2619047619047619,2,0,0,0.4158531088941706,0.07225629100562546,0.5118906001002039,0,0,True,106
0,643,0,0,0.2619047619047619,2,0,0,0.43057972385662646,0.08113624925832504,0.4882840268850485,0,0,True,106
0,644,2,14,0.2619047619047619,2,0,0,0.42911914076412166,0.07578956889794514,0.49509129033793337,0,0,True,106
0,645,19,11,0.0,2,0,0,0.3612439768044141,0.36904843046191477,0.2697075927336712,0,0,True,106
0,629,4,2,0.09523809523809523,6,0,0,0.31982029847420224,0.2663511329167136,0.4138285686090841,0,0,True,107
0,634,7,1,0.2619047619047619,2,0,0,0.41332975144267053,0.07788575234931593,0.5087844962080135,0,0,True,107
0,638,0,18,0.0,2,0,0,0.359368272707221,0.3723245499825282,0.2683071773102507,0,0,True,107
0,639,2,20,0.0,2,0,0,0.3491242163908625,0.378278225855095,0.2725975577540424,0,0,True,107
0,640,16,2,0.0,2,0,0,0.366891430548758,0.3679522152409527,0.2651563542102894,0,0,True,107
0,641,1,5,0.09523809523809523,6,0,0,0.3165734144140244,0.2737992930981174,0.4096272924878581,0,0,True,107
0,642,14,20,0.2619047619047619,2,0,0,0.4158531088941706,0.07225629100562546,0.5118906001002039,0,0,True,107
0,643,0,0,0.2619047619047619,2,0,0,0.43057972385662646,0.08113624925832504,0.4882840268850485,0,0,True,107
0,644,2,14,0.2619047619047619,2,0,0,0.42911914076412166,0.07578956889794514,0.49509129033793337,0,0,True,107
0,645,19,11,0.0,2,0,0,0.3612439768044141,0.36904843046191477,0.2697075927336712,0,0,True,107
0,629,4,2,0.09523809523809523,6,0,0,0.31982029847420224,0.2663511329167136,0.4138285686090841,0,0,True,108
0,634,7,1,0.2619047619047619,2,0,0,0.41332975144267053,0.07788575234931593,0.5087844962080135,0,0,True,108
0,638,0,18,0.0,2,0,0,0.359368272707221,0.3723245499825282,0.2683071773102507,0,0,True,108
0,639,2,20,0.0,2,0,0,0.3491242163908625,0.378278225855095,0.2725975577540424,0,0,True,108
0,640,16,2,0.0,2,0,0,0.366891430548758,0.3679522152409527,0.2651563542102894,0,0,True,108
0,641,1,5,0.09523809523809523,6,0,0,0.3165734144140244,0.2737992930981174,0.4096272924878581,0,0,True,108
0,642,14,20,0.2619047619047619,2,0,0,0.4158531088941706,0.07225629100562546,0.5118906001002039,0,0,True,108
0,643,0,0,0.2619047619047619,2,0,0,0.43057972385662646,0.08113624925832504,0.4882840268850485,0,0,True,108
0,644,2,14,0.2619047619047619,2,0,0,0.42911914076412166,0.07578956889794514,0.49509129033793337,0,0,True,108
0,645,19,11,0.0,2,0,0,0.3612439768044141,0.36904843046191477,0.2697075927336712,0,0,True,108
0,629,4,2,0.09523809523809523,6,0,0,0.31982029847420224,0.2663511329167136,0.4138285686090841,0,0,True,109
0,634,7,1,0.2619047619047619,2,0,0,0.41332975144267053,0.07788575234931593,0.5087844962080135,0,0,True,109
0,638,0,18,0.0,2,0,0,0.359368272707221,0.3723245499825282,0.2683071773102507,0,0,True,109
0,639,2,20,0.0,2,0,0,0.3491242163908625,0.378278225855095,0.2725975577540424,0,0,True,109
0,640,16,2,0.0,2,0,0,0.366891430548758,0.3679522152409527,0.2651563542102894,0,0,True,109
0,641,1,5,0.09523809523809523,6,0,0,0.3165734144140244,0.2737992930981174,0.4096272924878581,0,0,True,109
0,642,14,20,0.2619047619047619,2,0,0,0.4158531088941706,0.07225629100562546,0.5118906001002039,0,0,True,109
0,643,0,0,0.2619047619047619,2,0,0,0.43057972385662646,0.08113624925832504,0.4882840268850485,0,0,True,109
0,644,2,14,0.2619047619047619,2,0,0,0.42911914076412166,0.07578956889794514,0.49509129033793337,0,0,True,109
0,645,19,11,0.0,2,0,0,0.3612439768044141,0.36904843046191477,0.2697075927336712,0,0,True,109
0,629,4,2,0.09523809523809523,6,0,0,0.31982029847420224,0.2663511329167136,0.4138285686090841,0,0,True,110
0,634,7,1,0.2619047619047619,2,0,0,0.41332975144267053,0.07788575234931593,0.5087844962080135,0,0,True,110
0,638,0,18,0.0,2,0,0,0.359368272707221,0.3723245499825282,0.2683071773102507,0,0,True,110
0,639,2,20,0.0,2,0,0,0.3491242163908625,0.378278225855095,0.2725975577540424,0,0,True,110
0,640,16,2,0.0,2,0,0,0.366891430548758,0.3679522152409527,0.2651563542102894,0,0,True,110
0,641,1,5,0.09523809523809523,6,0,0,0.3165734144140244,0.2737992930981174,0.4096272924878581,0,0,True,110
0,642,14,20,0.2619047619047619,2,0,0,0.4158531088941706,0.07225629100562546,0.5118906001002039,0,0,True,110
0,643,0,0,0.2619047619047619,2,0,0,0.43057972385662646,0.08113624925832504,0.4882840268850485,0,0,True,110
0,644,2,14,0.2619047619047619,2,0,0,0.42911914076412166,0.07578956889794514,0.49509129033793337,0,0,True,110
0,645,19,11,0.0,2,0,0,0.3612439768044141,0.36904843046191477,0.2697075927336712,0,0,True,110
0,629,4,2,0.09523809523809523,6,0,0,0.31982029847420224,0.2663511329167136,0.4138285686090841,0,0,True,111
0,634,7,1,0.2619047619047619,2,0,0,0.41332975144267053,0.07788575234931593,0.5087844962080135,0,0,True,111
0,638,0,18,0.0,2,0,0,0.359368272707221,0.3723245499825282,0.2683071773102507,0,0,True,111
0,639,2,20,0.0,2,0,0,0.3491242163908625,0.378278225855095,0.2725975577540424,0,0,True,111
0,640,16,2,0.0,2,0,0,0.366891430548758,0.3679522152409527,0.2651563542102894,0,0,True,111
0,641,1,5,0.09523809523809523,6,0,0,0.3165734144140244,0.2737992930981174,0.4096272924878581,0,0,True,111
0,642,14,20,0.2619047619047619,2,0,0,0.4158531088941706,0.07225629100562546,0.5118906001002039,0,0,True,111
0,643,0,0,0.2619047619047619,2,0,0,0.43057972385662646,0.08113624925832504,0.4882840268850485,0,0,True,111
0,644,2,14,0.2619047619047619,2,0,0,0.42911914076412166,0.07578956889794514,0.49509129033793337,0,0,True,111
0,645,19,11,0.0,2,0,0,0.3612439768044141,0.36904843046191477,0.2697075927336712,0,0,True,111
0,629,4,2,0.09523809523809523,6,0,0,0.31982029847420224,0.2663511329167136,0.4138285686090841,0,0,True,112
0,634,7,1,0.2619047619047619,2,0,0,0.41332975144267053,0.07788575234931593,0.5087844962080135,0,0,True,112
0,638,0,18,0.0,2,0,0,0.359368272707221,0.3723245499825282,0.2683071773102507,0,0,True,112
0,639,2,20,0.0,2,0,0,0.3491242163908625,0.378278225855095,0.2725975577540424,0,0,True,112
0,640,16,2,0.0,2,0,0,0.366891430548758,0.3679522152409527,0.2651563542102894,0,0,True,112
0,641,1,5,0.09523809523809523,6,0,0,0.3165734144140244,0.2737992930981174,0.4096272924878581,0,0,True,112
0,642,14,20,0.2619047619047619,2,0,0,0.4158531088941706,0.07225629100562546,0.5118906001002039,0,0,True,112
0,643,0,0,0.2619047619047619,2,0,0,0.43057972385662646,0.08113624925832504,0.4882840268850485,0,0,True,112
0,644,2,14,0.2619047619047619,2,0,0,0.42911914076412166,0.07578956889794514,0.49509129033793337,0,0,True,112
0,645,19,11,0.0,2,0,0,0.3612439768044141,0.36904843046191477,0.2697075927336712,0,0,True,112
0,629,4,2,0.09523809523809523,6,0,0,0.31982029847420224,0.2663511329167136,0.4138285686090841,0,0,True,113
0,634,7,1,0.2619047619047619,2,0,0,0.41332975144267053,0.07788575234931593,0.5087844962080135,0,0,True,113
0,638,0,18,0.0,2,0,0,0.359368272707221,0.3723245499825282,0.2683071773102507,0,0,True,113
0,639,2,20,0.0,2,0,0,0.3491242163908625,0.378278225855095,0.2725975577540424,0,0,True,113
0,640,16,2,0.0,2,0,0,0.366891430548758,0.3679522152409527,0.2651563542102894,0,0,True,113
0,641,1,5,0.09523809523809523,6,0,0,0.3165734144140244,0.2737992930981174,0.4096272924878581,0,0,True,113
0,642,14,20,0.2619047619047619,2,0,0,0.4158531088941706,0.07225629100562546,0.5118906001002039,0,0,True,113
0,643,0,0,0.2619047619047619,2,0,0,0.43057972385662646,0.08113624925832504,0.4882840268850485,0,0,True,113
0,644,2,14,0.2619047619047619,2,0,0,0.42911914076412166,0.07578956889794514,0.49509129033793337,0,0,True,113
0,645,19,11,0.0,2,0,0,0.3612439768044141,0.36904843046191477,0.2697075927336712,0,0,True,113
0,629,4,2,0.09523809523809523,6,0,0,0.31982029847420224,0.2663511329167136,0.4138285686090841,0,0,True,114
0,634,7,1,0.2619047619047619,2,0,0,0.41332975144267053,0.07788575234931593,0.5087844962080135,0,0,True,114
0,638,0,18,0.0,2,0,0,0.359368272707221,0.3723245499825282,0.2683071773102507,0,0,True,114
0,639,2,20,0.0,2,0,0,0.3491242163908625,0.378278225855095,0.2725975577540424,0,0,True,114
0,640,16,2,0.0,2,0,0,0.366891430548758,0.3679522152409527,0.2651563542102894,0,0,True,114
0,641,1,5,0.09523809523809523,6,0,0,0.3165734144140244,0.2737992930981174,0.4096272924878581,0,0,True,114
0,642,14,20,0.2619047619047619,2,0,0,0.4158531088941706,0.07225629100562546,0.5118906001002039,0,0,True,114
0,643,0,0,0.2619047619047619,2,0,0,0.43057972385662646,0.08113624925832504,0.4882840268850485,0,0,True,114
0,644,2,14,0.2619047619047619,2,0,0,0.42911914076412166,0.07578956889794514,0.49509129033793337,0,0,True,114
0,645,19,11,0.0,2,0,0,0.3612439768044141,0.36904843046191477,0.2697075927336712,0,0,True,114
0,629,4,2,0.09523809523809523,6,0,0,0.31982029847420224,0.2663511329167136,0.4138285686090841,0,0,True,115
0,634,7,1,0.2619047619047619,2,0,0,0.41332975144267053,0.07788575234931593,0.5087844962080135,0,0,True,115
0,638,0,18,0.0,2,0,0,0.359368272707221,0.3723245499825282,0.2683071773102507,0,0,True,115
0,639,2,20,0.0,2,0,0,0.3491242163908625,0.378278225855095,0.2725975577540424,0,0,True,115
0,640,16,2,0.0,2,0,0,0.366891430548758,0.3679522152409527,0.2651563542102894,0,0,True,115
0,641,1,5,0.09523809523809523,6,0,0,0.3165734144140244,0.2737992930981174,0.4096272924878581,0,0,True,115
0,642,14,20,0.2619047619047619,2,0,0,0.4158531088941706,0.07225629100562546,0.5118906001002039,0,0,True,115
0,643,0,0,0.2619047619047619,2,0,0,0.43057972385662646,0.08113624925832504,0.4882840268850485,0,0,True,115
0,644,2,14,0.2619047619047619,2,0,0,0.42911914076412166,0.07578956889794514,0.49509129033793337,0,0,True,115
0,645,19,11,0.0,2,0,0,0.3612439768044141,0.36904843046191477,0.2697075927336712,0,0,True,115
0,629,4,2,0.09523809523809523,6,0,0,0.31982029847420224,0.2663511329167136,0.4138285686090841,0,0,True,116
0,634,7,1,0.2619047619047619,2,0,0,0.41332975144267053,0.07788575234931593,0.5087844962080135,0,0,True,116
0,638,0,18,0.0,2,0,0,0.359368272707221,0.3723245499825282,0.2683071773102507,0,0,True,116
0,639,2,20,0.0,2,0,0,0.3491242163908625,0.378278225855095,0.2725975577540424,0,0,True,116
0,640,16,2,0.0,2,0,0,0.366891430548758,0.3679522152409527,0.2651563542102894,0,0,True,116
0,641,1,5,0.09523809523809523,6,0,0,0.3165734144140244,0.2737992930981174,0.4096272924878581,0,0,True,116
0,642,14,20,0.2619047619047619,2,0,0,0.4158531088941706,0.07225629100562546,0.5118906001002039,0,0,True,116
0,643,0,0,0.2619047619047619,2,0,0,0.43057972385662646,0.08113624925832504,0.4882840268850485,0,0,True,116
0,644,2,14,0.2619047619047619,2,0,0,0.42911914076412166,0.07578956889794514,0.49509129033793337,0,0,True,116
0,645,19,11,0.0,2,0,0,0.3612439768044141,0.36904843046191477,0.2697075927336712,0,0,True,116
0,629,4,2,0.09523809523809523,6,0,0,0.31982029847420224,0.2663511329167136,0.4138285686090841,0,0,True,117
0,634,7,1,0.2619047619047619,2,0,0,0.41332975144267053,0.07788575234931593,0.5087844962080135,0,0,True,117
0,638,0,18,0.0,2,0,0,0.359368272707221,0.3723245499825282,0.2683071773102507,0,0,True,117
0,639,2,20,0.0,2,0,0,0.3491242163908625,0.378278225855095,0.2725975577540424,0,0,True,117
0,640,16,2,0.0,2,0,0,0.366891430548758,0.3679522152409527,0.2651563542102894,0,0,True,117
0,641,1,5,0.09523809523809523,6,0,0,0.3165734144140244,0.2737992930981174,0.4096272924878581,0,0,True,117
0,642,14,20,0.2619047619047619,2,0,0,0.4158531088941706,0.07225629100562546,0.5118906001002039,0,0,True,117
0,643,0,0,0.2619047619047619,2,0,0,0.43057972385662646,0.08113624925832504,0.4882840268850485,0,0,True,117
0,644,2,14,0.2619047619047619,2,0,0,0.42911914076412166,0.07578956889794514,0.49509129033793337,0,0,True,117
0,645,19,11,0.0,2,0,0,0.3612439768044141,0.36904843046191477,0.2697075927336712,0,0,True,117
0,629,4,2,0.09523809523809523,6,0,0,0.31982029847420224,0.2663511329167136,0.4138285686090841,0,0,True,118
0,634,7,1,0.2619047619047619,2,0,0,0.41332975144267053,0.07788575234931593,0.5087844962080135,0,0,True,118
0,638,0,18,0.0,2,0,0,0.359368272707221,0.3723245499825282,0.2683071773102507,0,0,True,118
0,639,2,20,0.0,2,0,0,0.3491242163908625,0.378278225855095,0.2725975577540424,0,0,True,118
0,640,16,2,0.0,2,0,0,0.366891430548758,0.3679522152409527,0.2651563542102894,0,0,True,118
0,641,1,5,0.09523809523809523,6,0,0,0.3165734144140244,0.2737992930981174,0.4096272924878581,0,0,True,118
0,642,14,20,0.2619047619047619,2,0,0,0.4158531088941706,0.07225629100562546,0.5118906001002039,0,0,True,118
0,643,0,0,0.2619047619047619,2,0,0,0.43057972385662646,0.08113624925832504,0.4882840268850485,0,0,True,118
0,644,2,14,0.2619047619047619,2,0,0,0.42911914076412166,0.07578956889794514,0.49509129033793337,0,0,True,118
0,645,19,11,0.0,2,0,0,0.3612439768044141,0.36904843046191477,0.2697075927336712,0,0,True,118
0,629,4,2,0.09523809523809523,6,0,0,0.31982029847420224,0.2663511329167136,0.4138285686090841,0,0,True,119
0,634,7,1,0.2619047619047619,2,0,0,0.41332975144267053,0.07788575234931593,0.5087844962080135,0,0,True,119
0,638,0,18,0.0,2,0,0,0.359368272707221,0.3723245499825282,0.2683071773102507,0,0,True,119
0,639,2,20,0.0,2,0,0,0.3491242163908625,0.378278225855095,0.2725975577540424,0,0,True,119
0,640,16,2,0.0,2,0,0,0.366891430548758,0.3679522152409527,0.2651563542102894,0,0,True,119
0,641,1,5,0.09523809523809523,6,0,0,0.3165734144140244,0.2737992930981174,0.4096272924878581,0,0,True,119
0,642,14,20,0.2619047619047619,2,0,0,0.4158531088941706,0.07225629100562546,0.5118906001002039,0,0,True,119
0,643,0,0,0.2619047619047619,2,0,0,0.43057972385662646,0.08113624925832504,0.4882840268850485,0,0,True,119
0,644,2,14,0.2619047619047619,2,0,0,0.42911914076412166,0.07578956889794514,0.49509129033793337,0,0,True,119
0,645,19,11,0.0,2,0,0,0.3612439768044141,0.36904843046191477,0.2697075927336712,0,0,True,119
0,629,4,2,0.09523809523809523,6,0,0,0.31982029847420224,0.2663511329167136,0.4138285686090841,0,0,True,120
0,634,7,1,0.2619047619047619,2,0,0,0.41332975144267053,0.07788575234931593,0.5087844962080135,0,0,True,120
0,638,0,18,0.0,2,0,0,0.359368272707221,0.3723245499825282,0.2683071773102507,0,0,True,120
0,639,2,20,0.0,2,0,0,0.3491242163908625,0.378278225855095,0.2725975577540424,0,0,True,120
0,640,16,2,0.0,2,0,0,0.366891430548758,0.3679522152409527,0.2651563542102894,0,0,True,120
0,641,1,5,0.09523809523809523,6,0,0,0.3165734144140244,0.2737992930981174,0.4096272924878581,0,0,True,120
0,642,14,20,0.2619047619047619,2,0,0,0.4158531088941706,0.07225629100562546,0.5118906001002039,0,0,True,120
0,643,0,0,0.2619047619047619,2,0,0,0.43057972385662646,0.08113624925832504,0.4882840268850485,0,0,True,120
0,644,2,14,0.2619047619047619,2,0,0,0.42911914076412166,0.07578956889794514,0.49509129033793337,0,0,True,120
0,645,19,11,0.0,2,0,0,0.3612439768044141,0.36904843046191477,0.2697075927336712,0,0,True,120
0,629,4,2,0.09523809523809523,6,0,0,0.31982029847420224,0.2663511329167136,0.4138285686090841,0,0,True,121
0,634,7,1,0.2619047619047619,2,0,0,0.41332975144267053,0.07788575234931593,0.5087844962080135,0,0,True,121
0,638,0,18,0.0,2,0,0,0.359368272707221,0.3723245499825282,0.2683071773102507,0,0,True,121
0,639,2,20,0.0,2,0,0,0.3491242163908625,0.378278225855095,0.2725975577540424,0,0,True,121
0,640,16,2,0.0,2,0,0,0.366891430548758,0.3679522152409527,0.2651563542102894,0,0,True,121
0,641,1,5,0.09523809523809523,6,0,0,0.3165734144140244,0.2737992930981174,0.4096272924878581,0,0,True,121
0,642,14,20,0.2619047619047619,2,0,0,0.4158531088941706,0.07225629100562546,0.5118906001002039,0,0,True,121
0,643,0,0,0.2619047619047619,2,0,0,0.43057972385662646,0.08113624925832504,0.4882840268850485,0,0,True,121
0,644,2,14,0.2619047619047619,2,0,0,0.42911914076412166,0.07578956889794514,0.49509129033793337,0,0,True,121
0,645,19,11,0.0,2,0,0,0.3612439768044141,0.36904843046191477,0.2697075927336712,0,0,True,121
0,629,4,2,0.09523809523809523,6,0,0,0.31982029847420224,0.2663511329167136,0.4138285686090841,0,0,True,122
0,634,7,1,0.2619047619047619,2,0,0,0.41332975144267053,0.07788575234931593,0.5087844962080135,0,0,True,122
0,638,0,18,0.0,2,0,0,0.359368272707221,0.3723245499825282,0.2683071773102507,0,0,True,122
0,639,2,20,0.0,2,0,0,0.3491242163908625,0.378278225855095,0.2725975577540424,0,0,True,122
0,640,16,2,0.0,2,0,0,0.366891430548758,0.3679522152409527,0.2651563542102894,0,0,True,122
0,641,1,5,0.09523809523809523,6,0,0,0.3165734144140244,0.2737992930981174,0.4096272924878581,0,0,True,122
0,642,14,20,0.2619047619047619,2,0,0,0.4158531088941706,0.07225629100562546,0.5118906001002039,0,0,True,122
0,643,0,0,0.2619047619047619,2,0,0,0.43057972385662646,0.08113624925832504,0.4882840268850485,0,0,True,122
0,644,2,14,0.2619047619047619,2,0,0,0.42911914076412166,0.07578956889794514,0.49509129033793337,0,0,True,122
0,645,19,11,0.0,2,0,0,0.3612439768044141,0.36904843046191477,0.2697075927336712,0,0,True,122
0,629,4,2,0.09523809523809523,6,0,0,0.31982029847420224,0.2663511329167136,0.4138285686090841,0,0,True,123
0,634,7,1,0.2619047619047619,2,0,0,0.41332975144267053,0.07788575234931593,0.5087844962080135,0,0,True,123
0,638,0,18,0.0,2,0,0,0.359368272707221,0.3723245499825282,0.2683071773102507,0,0,True,123
0,639,2,20,0.0,2,0,0,0.3491242163908625,0.378278225855095,0.2725975577540424,0,0,True,123
0,640,16,2,0.0,2,0,0,0.366891430548758,0.3679522152409527,0.2651563542102894,0,0,True,123
0,641,1,5,0.09523809523809523,6,0,0,0.3165734144140244,0.2737992930981174,0.4096272924878581,0,0,True,123
0,642,14,20,0.2619047619047619,2,0,0,0.4158531088941706,0.07225629100562546,0.5118906001002039,0,0,True,123
0,643,0,0,0.2619047619047619,2,0,0,0.43057972385662646,0.08113624925832504,0.4882840268850485,0,0,True,123
0,644,2,14,0.2619047619047619,2,0,0,0.42911914076412166,0.07578956889794514,0.49509129033793337,0,0,True,123
0,645,19,11,0.0,2,0,0,0.3612439768044141,0.36904843046191477,0.2697075927336712,0,0,True,123
0,629,4,2,0.09523809523809523,6,0,0,0.31982029847420224,0.2663511329167136,0.4138285686090841,0,0,True,124
0,634,7,1,0.2619047619047619,2,0,0,0.41332975144267053,0.07788575234931593,0.5087844962080135,0,0,True,124
0,638,0,18,0.0,2,0,0,0.359368272707221,0.3723245499825282,0.2683071773102507,0,0,True,124
0,639,2,20,0.0,2,0,0,0.3491242163908625,0.378278225855095,0.2725975577540424,0,0,True,124
0,640,16,2,0.0,2,0,0,0.366891430548758,0.3679522152409527,0.2651563542102894,0,0,True,124
0,641,1,5,0.09523809523809523,6,0,0,0.3165734144140244,0.2737992930981174,0.4096272924878581,0,0,True,124
0,642,14,20,0.2619047619047619,2,0,0,0.4158531088941706,0.07225629100562546,0.5118906001002039,0,0,True,124
0,643,0,0,0.2619047619047619,2,0,0,0.43057972385662646,0.08113624925832504,0.4882840268850485,0,0,True,124
0,644,2,14,0.2619047619047619,2,0,0,0.42911914076412166,0.07578956889794514,0.49509129033793337,0,0,True,124
0,645,19,11,0.0,2,0,0,0.3612439768044141,0.36904843046191477,0.2697075927336712,0,0,True,124
0,629,4,2,0.09523809523809523,6,0,0,0.31982029847420224,0.2663511329167136,0.4138285686090841,0,0,True,125
0,634,7,1,0.2619047619047619,2,0,0,0.41332975144267053,0.07788575234931593,0.5087844962080135,0,0,True,125
0,638,0,18,0.0,2,0,0,0.359368272707221,0.3723245499825282,0.2683071773102507,0,0,True,125
0,639,2,20,0.0,2,0,0,0.3491242163908625,0.378278225855095,0.2725975577540424,0,0,True,125
0,640,16,2,0.0,2,0,0,0.366891430548758,0.3679522152409527,0.2651563542102894,0,0,True,125
0,641,1,5,0.09523809523809523,6,0,0,0.3165734144140244,0.2737992930981174,0.4096272924878581,0,0,True,125
0,642,14,20,0.2619047619047619,2,0,0,0.4158531088941706,0.07225629100562546,0.5118906001002039,0,0,True,125
0,643,0,0,0.2619047619047619,2,0,0,0.43057972385662646,0.08113624925832504,0.4882840268850485,0,0,True,125
0,644,2,14,0.2619047619047619,2,0,0,0.42911914076412166,0.07578956889794514,0.49509129033793337,0,0,True,125
0,645,19,11,0.0,2,0,0,0.3612439768044141,0.36904843046191477,0.2697075927336712,0,0,True,125
0,629,4,2,0.09523809523809523,6,0,0,0.31982029847420224,0.2663511329167136,0.4138285686090841,0,0,True,126
0,634,7,1,0.2619047619047619,2,0,0,0.41332975144267053,0.07788575234931593,0.5087844962080135,0,0,True,126
0,638,0,18,0.0,2,0,0,0.359368272707221,0.3723245499825282,0.2683071773102507,0,0,True,126
0,639,2,20,0.0,2,0,0,0.3491242163908625,0.378278225855095,0.2725975577540424,0,0,True,126
0,640,16,2,0.0,2,0,0,0.366891430548758,0.3679522152409527,0.2651563542102894,0,0,True,126
0,641,1,5,0.09523809523809523,6,0,0,0.3165734144140244,0.2737992930981174,0.4096272924878581,0,0,True,126
0,642,14,20,0.2619047619047619,2,0,0,0.4158531088941706,0.07225629100562546,0.5118906001002039,0,0,True,126
0,643,0,0,0.2619047619047619,2,0,0,0.43057972385662646,0.08113624925832504,0.4882840268850485,0,0,True,126
0,644,2,14,0.2619047619047619,2,0,0,0.42911914076412166,0.07578956889794514,0.49509129033793337,0,0,True,126
0,645,19,11,0.0,2,0,0,0.3612439768044141,0.36904843046191477,0.2697075927336712,0,0,True,126
0,629,4,2,0.09523809523809523,6,0,0,0.31982029847420224,0.2663511329167136,0.4138285686090841,0,0,True,127
0,634,7,1,0.2619047619047619,2,0,0,0.41332975144267053,0.07788575234931593,0.5087844962080135,0,0,True,127
0,638,0,18,0.0,2,0,0,0.359368272707221,0.3723245499825282,0.2683071773102507,0,0,True,127
0,639,2,20,0.0,2,0,0,0.3491242163908625,0.378278225855095,0.2725975577540424,0,0,True,127
0,640,16,2,0.0,2,0,0,0.366891430548758,0.3679522152409527,0.2651563542102894,0,0,True,127
0,641,1,5,0.09523809523809523,6,0,0,0.3165734144140244,0.2737992930981174,0.4096272924878581,0,0,True,127
0,642,14,20,0.2619047619047619,2,0,0,0.4158531088941706,0.07225629100562546,0.5118906001002039,0,0,True,127
0,643,0,0,0.2619047619047619,2,0,0,0.43057972385662646,0.08113624925832504,0.4882840268850485,0,0,True,127
0,644,2,14,0.2619047619047619,2,0,0,0.42911914076412166,0.07578956889794514,0.49509129033793337,0,0,True,127
0,645,19,11,0.0,2,0,0,0.3612439768044141,0.36904843046191477,0.2697075927336712,0,0,True,127
0,629,4,2,0.09523809523809523,6,0,0,0.31982029847420224,0.2663511329167136,0.4138285686090841,0,0,True,128
0,634,7,1,0.2619047619047619,2,0,0,0.41332975144267053,0.07788575234931593,0.5087844962080135,0,0,True,128
0,638,0,18,0.0,2,0,0,0.359368272707221,0.3723245499825282,0.2683071773102507,0,0,True,128
0,639,2,20,0.0,2,0,0,0.3491242163908625,0.378278225855095,0.2725975577540424,0,0,True,128
0,640,16,2,0.0,2,0,0,0.366891430548758,0.3679522152409527,0.2651563542102894,0,0,True,128
0,641,1,5,0.09523809523809523,6,0,0,0.3165734144140244,0.2737992930981174,0.4096272924878581,0,0,True,128
0,642,14,20,0.2619047619047619,2,0,0,0.4158531088941706,0.07225629100562546,0.5118906001002039,0,0,True,128
0,643,0,0,0.2619047619047619,2,0,0,0.43057972385662646,0.08113624925832504,0.4882840268850485,0,0,True,128
0,644,2,14,0.2619047619047619,2,0,0,0.42911914076412166,0.07578956889794514,0.49509129033793337,0,0,True,128
0,645,19,11,0.0,2,0,0,0.3612439768044141,0.36904843046191477,0.2697075927336712,0,0,True,128
0,629,4,2,0.09523809523809523,6,0,0,0.31982029847420224,0.2663511329167136,0.4138285686090841,0,0,True,129
0,634,7,1,0.2619047619047619,2,0,0,0.41332975144267053,0.07788575234931593,0.5087844962080135,0,0,True,129
0,638,0,18,0.0,2,0,0,0.359368272707221,0.3723245499825282,0.2683071773102507,0,0,True,129
0,639,2,20,0.0,2,0,0,0.3491242163908625,0.378278225855095,0.2725975577540424,0,0,True,129
0,640,16,2,0.0,2,0,0,0.366891430548758,0.3679522152409527,0.2651563542102894,0,0,True,129
0,641,1,5,0.09523809523809523,6,0,0,0.3165734144140244,0.2737992930981174,0.4096272924878581,0,0,True,129
0,642,14,20,0.2619047619047619,2,0,0,0.4158531088941706,0.07225629100562546,0.5118906001002039,0,0,True,129
0,643,0,0,0.2619047619047619,2,0,0,0.43057972385662646,0.08113624925832504,0.4882840268850485,0,0,True,129
0,644,2,14,0.2619047619047619,2,0,0,0.42911914076412166,0.07578956889794514,0.49509129033793337,0,0,True,129
0,645,19,11,0.0,2,0,0,0.3612439768044141,0.36904843046191477,0.2697075927336712,0,0,True,129
0,629,4,2,0.09523809523809523,6,0,0,0.31982029847420224,0.2663511329167136,0.4138285686090841,0,0,True,130
0,634,7,1,0.2619047619047619,2,0,0,0.41332975144267053,0.07788575234931593,0.5087844962080135,0,0,True,130
0,638,0,18,0.0,2,0,0,0.359368272707221,0.3723245499825282,0.2683071773102507,0,0,True,130
0,639,2,20,0.0,2,0,0,0.3491242163908625,0.378278225855095,0.2725975577540424,0,0,True,130
0,640,16,2,0.0,2,0,0,0.366891430548758,0.3679522152409527,0.2651563542102894,0,0,True,130
0,641,1,5,0.09523809523809523,6,0,0,0.3165734144140244,0.2737992930981174,0.4096272924878581,0,0,True,130
0,642,14,20,0.2619047619047619,2,0,0,0.4158531088941706,0.07225629100562546,0.5118906001002039,0,0,True,130
0,643,0,0,0.2619047619047619,2,0,0,0.43057972385662646,0.08113624925832504,0.4882840268850485,0,0,True,130
0,644,2,14,0.2619047619047619,2,0,0,0.42911914076412166,0.07578956889794514,0.49509129033793337,0,0,True,130
0,645,19,11,0.0,2,0,0,0.3612439768044141,0.36904843046191477,0.2697075927336712,0,0,True,130
0,629,4,2,0.09523809523809523,6,0,0,0.31982029847420224,0.2663511329167136,0.4138285686090841,0,0,True,131
0,634,7,1,0.2619047619047619,2,0,0,0.41332975144267053,0.07788575234931593,0.5087844962080135,0,0,True,131
0,638,0,18,0.0,2,0,0,0.359368272707221,0.3723245499825282,0.2683071773102507,0,0,True,131
0,639,2,20,0.0,2,0,0,0.3491242163908625,0.378278225855095,0.2725975577540424,0,0,True,131
0,640,16,2,0.0,2,0,0,0.366891430548758,0.3679522152409527,0.2651563542102894,0,0,True,131
0,641,1,5,0.09523809523809523,6,0,0,0.3165734144140244,0.2737992930981174,0.4096272924878581,0,0,True,131
0,642,14,20,0.2619047619047619,2,0,0,0.4158531088941706,0.07225629100562546,0.5118906001002039,0,0,True,131
0,643,0,0,0.2619047619047619,2,0,0,0.43057972385662646,0.08113624925832504,0.4882840268850485,0,0,True,131
0,644,2,14,0.2619047619047619,2,0,0,0.42911914076412166,0.07578956889794514,0.49509129033793337,0,0,True,131
0,645,19,11,0.0,2,0,0,0.3612439768044141,0.36904843046191477,0.2697075927336712,0,0,True,131
0,629,4,2,0.09523809523809523,6,0,0,0.31982029847420224,0.2663511329167136,0.4138285686090841,0,0,True,132
0,634,7,1,0.2619047619047619,2,0,0,0.41332975144267053,0.07788575234931593,0.5087844962080135,0,0,True,132
0,638,0,18,0.0,2,0,0,0.359368272707221,0.3723245499825282,0.2683071773102507,0,0,True,132
0,639,2,20,0.0,2,0,0,0.3491242163908625,0.378278225855095,0.2725975577540424,0,0,True,132
0,640,16,2,0.0,2,0,0,0.366891430548758,0.3679522152409527,0.2651563542102894,0,0,True,132
0,641,1,5,0.09523809523809523,6,0,0,0.3165734144140244,0.2737992930981174,0.4096272924878581,0,0,True,132
0,642,14,20,0.2619047619047619,2,0,0,0.4158531088941706,0.07225629100562546,0.5118906001002039,0,0,True,132
0,643,0,0,0.2619047619047619,2,0,0,0.43057972385662646,0.08113624925832504,0.4882840268850485,0,0,True,132
0,644,2,14,0.2619047619047619,2,0,0,0.42911914076412166,0.07578956889794514,0.49509129033793337,0,0,True,132
0,645,19,11,0.0,2,0,0,0.3612439768044141,0.36904843046191477,0.2697075927336712,0,0,True,132
0,629,4,2,0.09523809523809523,6,0,0,0.31982029847420224,0.2663511329167136,0.4138285686090841,0,0,True,133
0,634,7,1,0.2619047619047619,2,0,0,0.41332975144267053,0.07788575234931593,0.5087844962080135,0,0,True,133
0,638,0,18,0.0,2,0,0,0.359368272707221,0.3723245499825282,0.2683071773102507,0,0,True,133
0,639,2,20,0.0,2,0,0,0.3491242163908625,0.378278225855095,0.2725975577540424,0,0,True,133
0,640,16,2,0.0,2,0,0,0.366891430548758,0.3679522152409527,0.2651563542102894,0,0,True,133
0,641,1,5,0.09523809523809523,6,0,0,0.3165734144140244,0.2737992930981174,0.4096272924878581,0,0,True,133
0,642,14,20,0.2619047619047619,2,0,0,0.4158531088941706,0.07225629100562546,0.5118906001002039,0,0,True,133
0,643,0,0,0.2619047619047619,2,0,0,0.43057972385662646,0.08113624925832504,0.4882840268850485,0,0,True,133
0,644,2,14,0.2619047619047619,2,0,0,0.42911914076412166,0.07578956889794514,0.49509129033793337,0,0,True,133
0,645,19,11,0.0,2,0,0,0.3612439768044141,0.36904843046191477,0.2697075927336712,0,0,True,133
0,629,4,2,0.09523809523809523,6,0,0,0.31982029847420224,0.2663511329167136,0.4138285686090841,0,0,True,134
0,634,7,1,0.2619047619047619,2,0,0,0.41332975144267053,0.07788575234931593,0.5087844962080135,0,0,True,134
0,638,0,18,0.0,2,0,0,0.359368272707221,0.3723245499825282,0.2683071773102507,0,0,True,134
0,639,2,20,0.0,2,0,0,0.3491242163908625,0.378278225855095,0.2725975577540424,0,0,True,134
0,640,16,2,0.0,2,0,0,0.366891430548758,0.3679522152409527,0.2651563542102894,0,0,True,134
0,641,1,5,0.09523809523809523,6,0,0,0.3165734144140244,0.2737992930981174,0.4096272924878581,0,0,True,134
0,642,14,20,0.2619047619047619,2,0,0,0.4158531088941706,0.07225629100562546,0.5118906001002039,0,0,True,134
0,643,0,0,0.2619047619047619,2,0,0,0.43057972385662646,0.08113624925832504,0.4882840268850485,0,0,True,134
0,644,2,14,0.2619047619047619,2,0,0,0.42911914076412166,0.07578956889794514,0.49509129033793337,0,0,True,134
0,645,19,11,0.0,2,0,0,0.3612439768044141,0.36904843046191477,0.2697075927336712,0,0,True,134
0,629,4,2,0.09523809523809523,6,0,0,0.31982029847420224,0.2663511329167136,0.4138285686090841,0,0,True,135
0,634,7,1,0.2619047619047619,2,0,0,0.41332975144267053,0.07788575234931593,0.5087844962080135,0,0,True,135
0,638,0,18,0.0,2,0,0,0.359368272707221,0.3723245499825282,0.2683071773102507,0,0,True,135
0,639,2,20,0.0,2,0,0,0.3491242163908625,0.378278225855095,0.2725975577540424,0,0,True,135
0,640,16,2,0.0,2,0,0,0.366891430548758,0.3679522152409527,0.2651563542102894,0,0,True,135
0,641,1,5,0.09523809523809523,6,0,0,0.3165734144140244,0.2737992930981174,0.4096272924878581,0,0,True,135
0,642,14,20,0.2619047619047619,2,0,0,0.4158531088941706,0.07225629100562546,0.5118906001002039,0,0,True,135
0,643,0,0,0.2619047619047619,2,0,0,0.43057972385662646,0.08113624925832504,0.4882840268850485,0,0,True,135
0,644,2,14,0.2619047619047619,2,0,0,0.42911914076412166,0.07578956889794514,0.49509129033793337,0,0,True,135
0,645,19,11,0.0,2,0,0,0.3612439768044141,0.36904843046191477,0.2697075927336712,0,0,True,135
0,629,4,2,0.09523809523809523,6,0,0,0.31982029847420224,0.2663511329167136,0.4138285686090841,0,0,True,136
0,634,7,1,0.2619047619047619,2,0,0,0.41332975144267053,0.07788575234931593,0.5087844962080135,0,0,True,136
0,638,0,18,0.0,2,0,0,0.359368272707221,0.3723245499825282,0.2683071773102507,0,0,True,136
0,639,2,20,0.0,2,0,0,0.3491242163908625,0.378278225855095,0.2725975577540424,0,0,True,136
0,640,16,2,0.0,2,0,0,0.366891430548758,0.3679522152409527,0.2651563542102894,0,0,True,136
0,641,1,5,0.09523809523809523,6,0,0,0.3165734144140244,0.2737992930981174,0.4096272924878581,0,0,True,136
0,642,14,20,0.2619047619047619,2,0,0,0.4158531088941706,0.07225629100562546,0.5118906001002039,0,0,True,136
0,643,0,0,0.2619047619047619,2,0,0,0.43057972385662646,0.08113624925832504,0.4882840268850485,0,0,True,136
0,644,2,14,0.2619047619047619,2,0,0,0.42911914076412166,0.07578956889794514,0.49509129033793337,0,0,True,136
0,645,19,11,0.0,2,0,0,0.3612439768044141,0.36904843046191477,0.2697075927336712,0,0,True,136
0,629,4,2,0.09523809523809523,6,0,0,0.31982029847420224,0.2663511329167136,0.4138285686090841,0,0,True,137
0,634,7,1,0.2619047619047619,2,0,0,0.41332975144267053,0.07788575234931593,0.5087844962080135,0,0,True,137
0,638,0,18,0.0,2,0,0,0.359368272707221,0.3723245499825282,0.2683071773102507,0,0,True,137
0,639,2,20,0.0,2,0,0,0.3491242163908625,0.378278225855095,0.2725975577540424,0,0,True,137
0,640,16,2,0.0,2,0,0,0.366891430548758,0.3679522152409527,0.2651563542102894,0,0,True,137
0,641,1,5,0.09523809523809523,6,0,0,0.3165734144140244,0.2737992930981174,0.4096272924878581,0,0,True,137
0,642,14,20,0.2619047619047619,2,0,0,0.4158531088941706,0.07225629100562546,0.5118906001002039,0,0,True,137
0,643,0,0,0.2619047619047619,2,0,0,0.43057972385662646,0.08113624925832504,0.4882840268850485,0,0,True,137
0,644,2,14,0.2619047619047619,2,0,0,0.42911914076412166,0.07578956889794514,0.49509129033793337,0,0,True,137
0,645,19,11,0.0,2,0,0,0.3612439768044141,0.36904843046191477,0.2697075927336712,0,0,True,137
0,629,4,2,0.09523809523809523,6,0,0,0.31982029847420224,0.2663511329167136,0.4138285686090841,0,0,True,138
0,634,7,1,0.2619047619047619,2,0,0,0.41332975144267053,0.07788575234931593,0.5087844962080135,0,0,True,138
0,638,0,18,0.0,2,0,0,0.359368272707221,0.3723245499825282,0.2683071773102507,0,0,True,138
0,639,2,20,0.0,2,0,0,0.3491242163908625,0.378278225855095,0.2725975577540424,0,0,True,138
0,640,16,2,0.0,2,0,0,0.366891430548758,0.3679522152409527,0.2651563542102894,0,0,True,138
0,641,1,5,0.09523809523809523,6,0,0,0.3165734144140244,0.2737992930981174,0.4096272924878581,0,0,True,138
0,642,14,20,0.2619047619047619,2,0,0,0.4158531088941706,0.07225629100562546,0.5118906001002039,0,0,True,138
0,643,0,0,0.2619047619047619,2,0,0,0.43057972385662646,0.08113624925832504,0.4882840268850485,0,0,True,138
0,644,2,14,0.2619047619047619,2,0,0,0.42911914076412166,0.07578956889794514,0.49509129033793337,0,0,True,138
0,645,19,11,0.0,2,0,0,0.3612439768044141,0.36904843046191477,0.2697075927336712,0,0,True,138
0,629,4,2,0.09523809523809523,6,0,0,0.31982029847420224,0.2663511329167136,0.4138285686090841,0,0,True,139
0,634,7,1,0.2619047619047619,2,0,0,0.41332975144267053,0.07788575234931593,0.5087844962080135,0,0,True,139
0,638,0,18,0.0,2,0,0,0.359368272707221,0.3723245499825282,0.2683071773102507,0,0,True,139
0,639,2,20,0.0,2,0,0,0.3491242163908625,0.378278225855095,0.2725975577540424,0,0,True,139
0,640,16,2,0.0,2,0,0,0.366891430548758,0.3679522152409527,0.2651563542102894,0,0,True,139
0,641,1,5,0.09523809523809523,6,0,0,0.3165734144140244,0.2737992930981174,0.4096272924878581,0,0,True,139
0,642,14,20,0.2619047619047619,2,0,0,0.4158531088941706,0.07225629100562546,0.5118906001002039,0,0,True,139
0,643,0,0,0.2619047619047619,2,0,0,0.43057972385662646,0.08113624925832504,0.4882840268850485,0,0,True,139
0,644,2,14,0.2619047619047619,2,0,0,0.42911914076412166,0.07578956889794514,0.49509129033793337,0,0,True,139
0,645,19,11,0.0,2,0,0,0.3612439768044141,0.36904843046191477,0.2697075927336712,0,0,True,139
0,629,4,2,0.09523809523809523,6,0,0,0.31982029847420224,0.2663511329167136,0.4138285686090841,0,0,True,140
0,634,7,1,0.2619047619047619,2,0,0,0.41332975144267053,0.07788575234931593,0.5087844962080135,0,0,True,140
0,638,0,18,0.0,2,0,0,0.359368272707221,0.3723245499825282,0.2683071773102507,0,0,True,140
0,639,2,20,0.0,2,0,0,0.3491242163908625,0.378278225855095,0.2725975577540424,0,0,True,140
0,640,16,2,0.0,2,0,0,0.366891430548758,0.3679522152409527,0.2651563542102894,0,0,True,140
0,641,1,5,0.09523809523809523,6,0,0,0.3165734144140244,0.2737992930981174,0.4096272924878581,0,0,True,140
0,642,14,20,0.2619047619047619,2,0,0,0.4158531088941706,0.07225629100562546,0.5118906001002039,0,0,True,140
0,643,0,0,0.2619047619047619,2,0,0,0.43057972385662646,0.08113624925832504,0.4882840268850485,0,0,True,140
0,644,2,14,0.2619047619047619,2,0,0,0.42911914076412166,0.07578956889794514,0.49509129033793337,0,0,True,140
0,645,19,11,0.0,2,0,0,0.3612439768044141,0.36904843046191477,0.2697075927336712,0,0,True,140
0,629,4,2,0.09523809523809523,6,0,0,0.31982029847420224,0.2663511329167136,0.4138285686090841,0,0,True,141
0,634,7,1,0.2619047619047619,2,0,0,0.41332975144267053,0.07788575234931593,0.5087844962080135,0,0,True,141
0,638,0,18,0.0,2,0,0,0.359368272707221,0.3723245499825282,0.2683071773102507,0,0,True,141
0,639,2,20,0.0,2,0,0,0.3491242163908625,0.378278225855095,0.2725975577540424,0,0,True,141
0,640,16,2,0.0,2,0,0,0.366891430548758,0.3679522152409527,0.2651563542102894,0,0,True,141
0,641,1,5,0.09523809523809523,6,0,0,0.3165734144140244,0.2737992930981174,0.4096272924878581,0,0,True,141
0,642,14,20,0.2619047619047619,2,0,0,0.4158531088941706,0.07225629100562546,0.5118906001002039,0,0,True,141
0,643,0,0,0.2619047619047619,2,0,0,0.43057972385662646,0.08113624925832504,0.4882840268850485,0,0,True,141
0,644,2,14,0.2619047619047619,2,0,0,0.42911914076412166,0.07578956889794514,0.49509129033793337,0,0,True,141
0,645,19,11,0.0,2,0,0,0.3612439768044141,0.36904843046191477,0.2697075927336712,0,0,True,141
0,629,4,2,0.09523809523809523,6,0,0,0.31982029847420224,0.2663511329167136,0.4138285686090841,0,0,True,142
0,634,7,1,0.2619047619047619,2,0,0,0.41332975144267053,0.07788575234931593,0.5087844962080135,0,0,True,142
0,638,0,18,0.0,2,0,0,0.359368272707221,0.3723245499825282,0.2683071773102507,0,0,True,142
0,639,2,20,0.0,2,0,0,0.3491242163908625,0.378278225855095,0.2725975577540424,0,0,True,142
0,640,16,2,0.0,2,0,0,0.366891430548758,0.3679522152409527,0.2651563542102894,0,0,True,142
0,641,1,5,0.09523809523809523,6,0,0,0.3165734144140244,0.2737992930981174,0.4096272924878581,0,0,True,142
0,642,14,20,0.2619047619047619,2,0,0,0.4158531088941706,0.07225629100562546,0.5118906001002039,0,0,True,142
0,643,0,0,0.2619047619047619,2,0,0,0.43057972385662646,0.08113624925832504,0.4882840268850485,0,0,True,142
0,644,2,14,0.2619047619047619,2,0,0,0.42911914076412166,0.07578956889794514,0.49509129033793337,0,0,True,142
0,645,19,11,0.0,2,0,0,0.3612439768044141,0.36904843046191477,0.2697075927336712,0,0,True,142
0,629,4,2,0.09523809523809523,6,0,0,0.31982029847420224,0.2663511329167136,0.4138285686090841,0,0,True,143
0,634,7,1,0.2619047619047619,2,0,0,0.41332975144267053,0.07788575234931593,0.5087844962080135,0,0,True,143
0,638,0,18,0.0,2,0,0,0.359368272707221,0.3723245499825282,0.2683071773102507,0,0,True,143
0,639,2,20,0.0,2,0,0,0.3491242163908625,0.378278225855095,0.2725975577540424,0,0,True,143
0,640,16,2,0.0,2,0,0,0.366891430548758,0.3679522152409527,0.2651563542102894,0,0,True,143
0,641,1,5,0.09523809523809523,6,0,0,0.3165734144140244,0.2737992930981174,0.4096272924878581,0,0,True,143
0,642,14,20,0.2619047619047619,2,0,0,0.4158531088941706,0.07225629100562546,0.5118906001002039,0,0,True,143
0,643,0,0,0.2619047619047619,2,0,0,0.43057972385662646,0.08113624925832504,0.4882840268850485,0,0,True,143
0,644,2,14,0.2619047619047619,2,0,0,0.42911914076412166,0.07578956889794514,0.49509129033793337,0,0,True,143
0,645,19,11,0.0,2,0,0,0.3612439768044141,0.36904843046191477,0.2697075927336712,0,0,True,143
0,629,4,2,0.09523809523809523,6,0,0,0.31982029847420224,0.2663511329167136,0.4138285686090841,0,0,True,144
0,634,7,1,0.2619047619047619,2,0,0,0.41332975144267053,0.07788575234931593,0.5087844962080135,0,0,True,144
0,638,0,18,0.0,2,0,0,0.359368272707221,0.3723245499825282,0.2683071773102507,0,0,True,144
0,639,2,20,0.0,2,0,0,0.3491242163908625,0.378278225855095,0.2725975577540424,0,0,True,144
0,640,16,2,0.0,2,0,0,0.366891430548758,0.3679522152409527,0.2651563542102894,0,0,True,144
0,641,1,5,0.09523809523809523,6,0,0,0.3165734144140244,0.2737992930981174,0.4096272924878581,0,0,True,144
0,642,14,20,0.2619047619047619,2,0,0,0.4158531088941706,0.07225629100562546,0.5118906001002039,0,0,True,144
0,643,0,0,0.2619047619047619,2,0,0,0.43057972385662646,0.08113624925832504,0.4882840268850485,0,0,True,144
0,644,2,14,0.2619047619047619,2,0,0,0.42911914076412166,0.07578956889794514,0.49509129033793337,0,0,True,144
0,645,19,11,0.0,2,0,0,0.3612439768044141,0.36904843046191477,0.2697075927336712,0,0,True,144
0,629,4,2,0.09523809523809523,6,0,0,0.31982029847420224,0.2663511329167136,0.4138285686090841,0,0,True,145
0,634,7,1,0.2619047619047619,2,0,0,0.41332975144267053,0.07788575234931593,0.5087844962080135,0,0,True,145
0,638,0,18,0.0,2,0,0,0.359368272707221,0.3723245499825282,0.2683071773102507,0,0,True,145
0,639,2,20,0.0,2,0,0,0.3491242163908625,0.378278225855095,0.2725975577540424,0,0,True,145
0,640,16,2,0.0,2,0,0,0.366891430548758,0.3679522152409527,0.2651563542102894,0,0,True,145
0,641,1,5,0.09523809523809523,6,0,0,0.3165734144140244,0.2737992930981174,0.4096272924878581,0,0,True,145
0,642,14,20,0.2619047619047619,2,0,0,0.4158531088941706,0.07225629100562546,0.5118906001002039,0,0,True,145
0,643,0,0,0.2619047619047619,2,0,0,0.43057972385662646,0.08113624925832504,0.4882840268850485,0,0,True,145
0,644,2,14,0.2619047619047619,2,0,0,0.42911914076412166,0.07578956889794514,0.49509129033793337,0,0,True,145
0,645,19,11,0.0,2,0,0,0.3612439768044141,0.36904843046191477,0.2697075927336712,0,0,True,145
0,629,4,2,0.09523809523809523,6,0,0,0.31982029847420224,0.2663511329167136,0.4138285686090841,0,0,True,146
0,634,7,1,0.2619047619047619,2,0,0,0.41332975144267053,0.07788575234931593,0.5087844962080135,0,0,True,146
0,638,0,18,0.0,2,0,0,0.359368272707221,0.3723245499825282,0.2683071773102507,0,0,True,146
0,639,2,20,0.0,2,0,0,0.3491242163908625,0.378278225855095,0.2725975577540424,0,0,True,146
0,640,16,2,0.0,2,0,0,0.366891430548758,0.3679522152409527,0.2651563542102894,0,0,True,146
0,641,1,5,0.09523809523809523,6,0,0,0.3165734144140244,0.2737992930981174,0.4096272924878581,0,0,True,146
0,642,14,20,0.2619047619047619,2,0,0,0.4158531088941706,0.07225629100562546,0.5118906001002039,0,0,True,146
0,643,0,0,0.2619047619047619,2,0,0,0.43057972385662646,0.08113624925832504,0.4882840268850485,0,0,True,146
0,644,2,14,0.2619047619047619,2,0,0,0.42911914076412166,0.07578956889794514,0.49509129033793337,0,0,True,146
0,645,19,11,0.0,2,0,0,0.3612439768044141,0.36904843046191477,0.2697075927336712,0,0,True,146
0,629,4,2,0.09523809523809523,6,0,0,0.31982029847420224,0.2663511329167136,0.4138285686090841,0,0,True,147
0,634,7,1,0.2619047619047619,2,0,0,0.41332975144267053,0.07788575234931593,0.5087844962080135,0,0,True,147
0,638,0,18,0.0,2,0,0,0.359368272707221,0.3723245499825282,0.2683071773102507,0,0,True,147
0,639,2,20,0.0,2,0,0,0.3491242163908625,0.378278225855095,0.2725975577540424,0,0,True,147
0,640,16,2,0.0,2,0,0,0.366891430548758,0.3679522152409527,0.2651563542102894,0,0,True,147
0,641,1,5,0.09523809523809523,6,0,0,0.3165734144140244,0.2737992930981174,0.4096272924878581,0,0,True,147
0,642,14,20,0.2619047619047619,2,0,0,0.4158531088941706,0.07225629100562546,0.5118906001002039,0,0,True,147
0,643,0,0,0.2619047619047619,2,0,0,0.43057972385662646,0.08113624925832504,0.4882840268850485,0,0,True,147
0,644,2,14,0.2619047619047619,2,0,0,0.42911914076412166,0.07578956889794514,0.49509129033793337,0,0,True,147
0,645,19,11,0.0,2,0,0,0.3612439768044141,0.36904843046191477,0.2697075927336712,0,0,True,147
0,629,4,2,0.09523809523809523,6,0,0,0.31982029847420224,0.2663511329167136,0.4138285686090841,0,0,True,148
0,634,7,1,0.2619047619047619,2,0,0,0.41332975144267053,0.07788575234931593,0.5087844962080135,0,0,True,148
0,638,0,18,0.0,2,0,0,0.359368272707221,0.3723245499825282,0.2683071773102507,0,0,True,148
0,639,2,20,0.0,2,0,0,0.3491242163908625,0.378278225855095,0.2725975577540424,0,0,True,148
0,640,16,2,0.0,2,0,0,0.366891430548758,0.3679522152409527,0.2651563542102894,0,0,True,148
0,641,1,5,0.09523809523809523,6,0,0,0.3165734144140244,0.2737992930981174,0.4096272924878581,0,0,True,148
0,642,14,20,0.2619047619047619,2,0,0,0.4158531088941706,0.07225629100562546,0.5118906001002039,0,0,True,148
0,643,0,0,0.2619047619047619,2,0,0,0.43057972385662646,0.08113624925832504,0.4882840268850485,0,0,True,148
0,644,2,14,0.2619047619047619,2,0,0,0.42911914076412166,0.07578956889794514,0.49509129033793337,0,0,True,148
0,645,19,11,0.0,2,0,0,0.3612439768044141,0.36904843046191477,0.2697075927336712,0,0,True,148
0,629,4,2,0.09523809523809523,6,0,0,0.31982029847420224,0.2663511329167136,0.4138285686090841,0,0,True,149
0,634,7,1,0.2619047619047619,2,0,0,0.41332975144267053,0.07788575234931593,0.5087844962080135,0,0,True,149
0,638,0,18,0.0,2,0,0,0.359368272707221,0.3723245499825282,0.2683071773102507,0,0,True,149
0,639,2,20,0.0,2,0,0,0.3491242163908625,0.378278225855095,0.2725975577540424,0,0,True,149
0,640,16,2,0.0,2,0,0,0.366891430548758,0.3679522152409527,0.2651563542102894,0,0,True,149
0,641,1,5,0.09523809523809523,6,0,0,0.3165734144140244,0.2737992930981174,0.4096272924878581,0,0,True,149
0,642,14,20,0.2619047619047619,2,0,0,0.4158531088941706,0.07225629100562546,0.5118906001002039,0,0,True,149
0,643,0,0,0.2619047619047619,2,0,0,0.43057972385662646,0.08113624925832504,0.4882840268850485,0,0,True,149
0,644,2,14,0.2619047619047619,2,0,0,0.42911914076412166,0.07578956889794514,0.49509129033793337,0,0,True,149
0,645,19,11,0.0,2,0,0,0.3612439768044141,0.36904843046191477,0.2697075927336712,0,0,True,149
0,629,4,2,0.09523809523809523,6,0,0,0.31982029847420224,0.2663511329167136,0.4138285686090841,0,0,True,150
0,634,7,1,0.2619047619047619,2,0,0,0.41332975144267053,0.07788575234931593,0.5087844962080135,0,0,True,150
0,638,0,18,0.0,2,0,0,0.359368272707221,0.3723245499825282,0.2683071773102507,0,0,True,150
0,639,2,20,0.0,2,0,0,0.3491242163908625,0.378278225855095,0.2725975577540424,0,0,True,150
0,640,16,2,0.0,2,0,0,0.366891430548758,0.3679522152409527,0.2651563542102894,0,0,True,150
0,641,1,5,0.09523809523809523,6,0,0,0.3165734144140244,0.2737992930981174,0.4096272924878581,0,0,True,150
0,642,14,20,0.2619047619047619,2,0,0,0.4158531088941706,0.07225629100562546,0.5118906001002039,0,0,True,150
0,643,0,0,0.2619047619047619,2,0,0,0.43057972385662646,0.08113624925832504,0.4882840268850485,0,0,True,150
0,644,2,14,0.2619047619047619,2,0,0,0.42911914076412166,0.07578956889794514,0.49509129033793337,0,0,True,150
0,645,19,11,0.0,2,0,0,0.3612439768044141,0.36904843046191477,0.2697075927336712,0,0,True,150
0,629,4,2,0.09523809523809523,6,0,0,0.31982029847420224,0.2663511329167136,0.4138285686090841,0,0,True,151
0,634,7,1,0.2619047619047619,2,0,0,0.41332975144267053,0.07788575234931593,0.5087844962080135,0,0,True,151
0,638,0,18,0.0,2,0,0,0.359368272707221,0.3723245499825282,0.2683071773102507,0,0,True,151
0,639,2,20,0.0,2,0,0,0.3491242163908625,0.378278225855095,0.2725975577540424,0,0,True,151
0,640,16,2,0.0,2,0,0,0.366891430548758,0.3679522152409527,0.2651563542102894,0,0,True,151
0,641,1,5,0.09523809523809523,6,0,0,0.3165734144140244,0.2737992930981174,0.4096272924878581,0,0,True,151
0,642,14,20,0.2619047619047619,2,0,0,0.4158531088941706,0.07225629100562546,0.5118906001002039,0,0,True,151
0,643,0,0,0.2619047619047619,2,0,0,0.43057972385662646,0.08113624925832504,0.4882840268850485,0,0,True,151
0,644,2,14,0.2619047619047619,2,0,0,0.42911914076412166,0.07578956889794514,0.49509129033793337,0,0,True,151
0,645,19,11,0.0,2,0,0,0.3612439768044141,0.36904843046191477,0.2697075927336712,0,0,True,151
0,629,4,2,0.09523809523809523,6,0,0,0.31982029847420224,0.2663511329167136,0.4138285686090841,0,0,True,152
0,634,7,1,0.2619047619047619,2,0,0,0.41332975144267053,0.07788575234931593,0.5087844962080135,0,0,True,152
0,638,0,18,0.0,2,0,0,0.359368272707221,0.3723245499825282,0.2683071773102507,0,0,True,152
0,639,2,20,0.0,2,0,0,0.3491242163908625,0.378278225855095,0.2725975577540424,0,0,True,152
0,640,16,2,0.0,2,0,0,0.366891430548758,0.3679522152409527,0.2651563542102894,0,0,True,152
0,641,1,5,0.09523809523809523,6,0,0,0.3165734144140244,0.2737992930981174,0.4096272924878581,0,0,True,152
0,642,14,20,0.2619047619047619,2,0,0,0.4158531088941706,0.07225629100562546,0.5118906001002039,0,0,True,152
0,643,0,0,0.2619047619047619,2,0,0,0.43057972385662646,0.08113624925832504,0.4882840268850485,0,0,True,152
0,644,2,14,0.2619047619047619,2,0,0,0.42911914076412166,0.07578956889794514,0.49509129033793337,0,0,True,152
0,645,19,11,0.0,2,0,0,0.3612439768044141,0.36904843046191477,0.2697075927336712,0,0,True,152
0,629,4,2,0.09523809523809523,6,0,0,0.31982029847420224,0.2663511329167136,0.4138285686090841,0,0,True,153
0,634,7,1,0.2619047619047619,2,0,0,0.41332975144267053,0.07788575234931593,0.5087844962080135,0,0,True,153
0,638,0,18,0.0,2,0,0,0.359368272707221,0.3723245499825282,0.2683071773102507,0,0,True,153
0,639,2,20,0.0,2,0,0,0.3491242163908625,0.378278225855095,0.2725975577540424,0,0,True,153
0,640,16,2,0.0,2,0,0,0.366891430548758,0.3679522152409527,0.2651563542102894,0,0,True,153
0,641,1,5,0.09523809523809523,6,0,0,0.3165734144140244,0.2737992930981174,0.4096272924878581,0,0,True,153
0,642,14,20,0.2619047619047619,2,0,0,0.4158531088941706,0.07225629100562546,0.5118906001002039,0,0,True,153
0,643,0,0,0.2619047619047619,2,0,0,0.43057972385662646,0.08113624925832504,0.4882840268850485,0,0,True,153
0,644,2,14,0.2619047619047619,2,0,0,0.42911914076412166,0.07578956889794514,0.49509129033793337,0,0,True,153
0,645,19,11,0.0,2,0,0,0.3612439768044141,0.36904843046191477,0.2697075927336712,0,0,True,153
0,629,4,2,0.09523809523809523,6,0,0,0.31982029847420224,0.2663511329167136,0.4138285686090841,0,0,True,154
0,634,7,1,0.2619047619047619,2,0,0,0.41332975144267053,0.07788575234931593,0.5087844962080135,0,0,True,154
0,638,0,18,0.0,2,0,0,0.359368272707221,0.3723245499825282,0.2683071773102507,0,0,True,154
0,639,2,20,0.0,2,0,0,0.3491242163908625,0.378278225855095,0.2725975577540424,0,0,True,154
0,640,16,2,0.0,2,0,0,0.366891430548758,0.3679522152409527,0.2651563542102894,0,0,True,154
0,641,1,5,0.09523809523809523,6,0,0,0.3165734144140244,0.2737992930981174,0.4096272924878581,0,0,True,154
0,642,14,20,0.2619047619047619,2,0,0,0.4158531088941706,0.07225629100562546,0.5118906001002039,0,0,True,154
0,643,0,0,0.2619047619047619,2,0,0,0.43057972385662646,0.08113624925832504,0.4882840268850485,0,0,True,154
0,644,2,14,0.2619047619047619,2,0,0,0.42911914076412166,0.07578956889794514,0.49509129033793337,0,0,True,154
0,645,19,11,0.0,2,0,0,0.3612439768044141,0.36904843046191477,0.2697075927336712,0,0,True,154
0,629,4,2,0.09523809523809523,6,0,0,0.31982029847420224,0.2663511329167136,0.4138285686090841,0,0,True,155
0,634,7,1,0.2619047619047619,2,0,0,0.41332975144267053,0.07788575234931593,0.5087844962080135,0,0,True,155
0,638,0,18,0.0,2,0,0,0.359368272707221,0.3723245499825282,0.2683071773102507,0,0,True,155
0,639,2,20,0.0,2,0,0,0.3491242163908625,0.378278225855095,0.2725975577540424,0,0,True,155
0,640,16,2,0.0,2,0,0,0.366891430548758,0.3679522152409527,0.2651563542102894,0,0,True,155
0,641,1,5,0.09523809523809523,6,0,0,0.3165734144140244,0.2737992930981174,0.4096272924878581,0,0,True,155
0,642,14,20,0.2619047619047619,2,0,0,0.4158531088941706,0.07225629100562546,0.5118906001002039,0,0,True,155
0,643,0,0,0.2619047619047619,2,0,0,0.43057972385662646,0.08113624925832504,0.4882840268850485,0,0,True,155
0,644,2,14,0.2619047619047619,2,0,0,0.42911914076412166,0.07578956889794514,0.49509129033793337,0,0,True,155
0,645,19,11,0.0,2,0,0,0.3612439768044141,0.36904843046191477,0.2697075927336712,0,0,True,155
0,629,4,2,0.09523809523809523,6,0,0,0.31982029847420224,0.2663511329167136,0.4138285686090841,0,0,True,156
0,634,7,1,0.2619047619047619,2,0,0,0.41332975144267053,0.07788575234931593,0.5087844962080135,0,0,True,156
0,638,0,18,0.0,2,0,0,0.359368272707221,0.3723245499825282,0.2683071773102507,0,0,True,156
0,639,2,20,0.0,2,0,0,0.3491242163908625,0.378278225855095,0.2725975577540424,0,0,True,156
0,640,16,2,0.0,2,0,0,0.366891430548758,0.3679522152409527,0.2651563542102894,0,0,True,156
0,641,1,5,0.09523809523809523,6,0,0,0.3165734144140244,0.2737992930981174,0.4096272924878581,0,0,True,156
0,642,14,20,0.2619047619047619,2,0,0,0.4158531088941706,0.07225629100562546,0.5118906001002039,0,0,True,156
0,643,0,0,0.2619047619047619,2,0,0,0.43057972385662646,0.08113624925832504,0.4882840268850485,0,0,True,156
0,644,2,14,0.2619047619047619,2,0,0,0.42911914076412166,0.07578956889794514,0.49509129033793337,0,0,True,156
0,645,19,11,0.0,2,0,0,0.3612439768044141,0.36904843046191477,0.2697075927336712,0,0,True,156
0,629,4,2,0.09523809523809523,6,0,0,0.31982029847420224,0.2663511329167136,0.4138285686090841,0,0,True,157
0,634,7,1,0.2619047619047619,2,0,0,0.41332975144267053,0.07788575234931593,0.5087844962080135,0,0,True,157
0,638,0,18,0.0,2,0,0,0.359368272707221,0.3723245499825282,0.2683071773102507,0,0,True,157
0,639,2,20,0.0,2,0,0,0.3491242163908625,0.378278225855095,0.2725975577540424,0,0,True,157
0,640,16,2,0.0,2,0,0,0.366891430548758,0.3679522152409527,0.2651563542102894,0,0,True,157
0,641,1,5,0.09523809523809523,6,0,0,0.3165734144140244,0.2737992930981174,0.4096272924878581,0,0,True,157
0,642,14,20,0.2619047619047619,2,0,0,0.4158531088941706,0.07225629100562546,0.5118906001002039,0,0,True,157
0,643,0,0,0.2619047619047619,2,0,0,0.43057972385662646,0.08113624925832504,0.4882840268850485,0,0,True,157
0,644,2,14,0.2619047619047619,2,0,0,0.42911914076412166,0.07578956889794514,0.49509129033793337,0,0,True,157
0,645,19,11,0.0,2,0,0,0.3612439768044141,0.36904843046191477,0.2697075927336712,0,0,True,157
0,629,4,2,0.09523809523809523,6,0,0,0.31982029847420224,0.2663511329167136,0.4138285686090841,0,0,True,158
0,634,7,1,0.2619047619047619,2,0,0,0.41332975144267053,0.07788575234931593,0.5087844962080135,0,0,True,158
0,638,0,18,0.0,2,0,0,0.359368272707221,0.3723245499825282,0.2683071773102507,0,0,True,158
0,639,2,20,0.0,2,0,0,0.3491242163908625,0.378278225855095,0.2725975577540424,0,0,True,158
0,640,16,2,0.0,2,0,0,0.366891430548758,0.3679522152409527,0.2651563542102894,0,0,True,158
0,641,1,5,0.09523809523809523,6,0,0,0.3165734144140244,0.2737992930981174,0.4096272924878581,0,0,True,158
0,642,14,20,0.2619047619047619,2,0,0,0.4158531088941706,0.07225629100562546,0.5118906001002039,0,0,True,158
0,643,0,0,0.2619047619047619,2,0,0,0.43057972385662646,0.08113624925832504,0.4882840268850485,0,0,True,158
0,644,2,14,0.2619047619047619,2,0,0,0.42911914076412166,0.07578956889794514,0.49509129033793337,0,0,True,158
0,645,19,11,0.0,2,0,0,0.3612439768044141,0.36904843046191477,0.2697075927336712,0,0,True,158
0,629,4,2,0.09523809523809523,6,0,0,0.31982029847420224,0.2663511329167136,0.4138285686090841,0,0,True,159
0,634,7,1,0.2619047619047619,2,0,0,0.41332975144267053,0.07788575234931593,0.5087844962080135,0,0,True,159
0,638,0,18,0.0,2,0,0,0.359368272707221,0.3723245499825282,0.2683071773102507,0,0,True,159
0,639,2,20,0.0,2,0,0,0.3491242163908625,0.378278225855095,0.2725975577540424,0,0,True,159
0,640,16,2,0.0,2,0,0,0.366891430548758,0.3679522152409527,0.2651563542102894,0,0,True,159
0,641,1,5,0.09523809523809523,6,0,0,0.3165734144140244,0.2737992930981174,0.4096272924878581,0,0,True,159
0,642,14,20,0.2619047619047619,2,0,0,0.4158531088941706,0.07225629100562546,0.5118906001002039,0,0,True,159
0,643,0,0,0.2619047619047619,2,0,0,0.43057972385662646,0.08113624925832504,0.4882840268850485,0,0,True,159
0,644,2,14,0.2619047619047619,2,0,0,0.42911914076412166,0.07578956889794514,0.49509129033793337,0,0,True,159
0,645,19,11,0.0,2,0,0,0.3612439768044141,0.36904843046191477,0.2697075927336712,0,0,True,159
0,629,4,2,0.09523809523809523,6,0,0,0.31982029847420224,0.2663511329167136,0.4138285686090841,0,0,True,160
0,634,7,1,0.2619047619047619,2,0,0,0.41332975144267053,0.07788575234931593,0.5087844962080135,0,0,True,160
0,638,0,18,0.0,2,0,0,0.359368272707221,0.3723245499825282,0.2683071773102507,0,0,True,160
0,639,2,20,0.0,2,0,0,0.3491242163908625,0.378278225855095,0.2725975577540424,0,0,True,160
0,640,16,2,0.0,2,0,0,0.366891430548758,0.3679522152409527,0.2651563542102894,0,0,True,160
0,641,1,5,0.09523809523809523,6,0,0,0.3165734144140244,0.2737992930981174,0.4096272924878581,0,0,True,160
0,642,14,20,0.2619047619047619,2,0,0,0.4158531088941706,0.07225629100562546,0.5118906001002039,0,0,True,160
0,643,0,0,0.2619047619047619,2,0,0,0.43057972385662646,0.08113624925832504,0.4882840268850485,0,0,True,160
0,644,2,14,0.2619047619047619,2,0,0,0.42911914076412166,0.07578956889794514,0.49509129033793337,0,0,True,160
0,645,19,11,0.0,2,0,0,0.3612439768044141,0.36904843046191477,0.2697075927336712,0,0,True,160
0,629,4,2,0.09523809523809523,6,0,0,0.31982029847420224,0.2663511329167136,0.4138285686090841,0,0,True,161
0,634,7,1,0.2619047619047619,2,0,0,0.41332975144267053,0.07788575234931593,0.5087844962080135,0,0,True,161
0,638,0,18,0.0,2,0,0,0.359368272707221,0.3723245499825282,0.2683071773102507,0,0,True,161
0,639,2,20,0.0,2,0,0,0.3491242163908625,0.378278225855095,0.2725975577540424,0,0,True,161
0,640,16,2,0.0,2,0,0,0.366891430548758,0.3679522152409527,0.2651563542102894,0,0,True,161
0,641,1,5,0.09523809523809523,6,0,0,0.3165734144140244,0.2737992930981174,0.4096272924878581,0,0,True,161
0,642,14,20,0.2619047619047619,2,0,0,0.4158531088941706,0.07225629100562546,0.5118906001002039,0,0,True,161
0,643,0,0,0.2619047619047619,2,0,0,0.43057972385662646,0.08113624925832504,0.4882840268850485,0,0,True,161
0,644,2,14,0.2619047619047619,2,0,0,0.42911914076412166,0.07578956889794514,0.49509129033793337,0,0,True,161
0,645,19,11,0.0,2,0,0,0.3612439768044141,0.36904843046191477,0.2697075927336712,0,0,True,161
0,629,4,2,0.09523809523809523,6,0,0,0.31982029847420224,0.2663511329167136,0.4138285686090841,0,0,True,162
0,634,7,1,0.2619047619047619,2,0,0,0.41332975144267053,0.07788575234931593,0.5087844962080135,0,0,True,162
0,638,0,18,0.0,2,0,0,0.359368272707221,0.3723245499825282,0.2683071773102507,0,0,True,162
0,639,2,20,0.0,2,0,0,0.3491242163908625,0.378278225855095,0.2725975577540424,0,0,True,162
0,640,16,2,0.0,2,0,0,0.366891430548758,0.3679522152409527,0.2651563542102894,0,0,True,162
0,641,1,5,0.09523809523809523,6,0,0,0.3165734144140244,0.2737992930981174,0.4096272924878581,0,0,True,162
0,642,14,20,0.2619047619047619,2,0,0,0.4158531088941706,0.07225629100562546,0.5118906001002039,0,0,True,162
0,643,0,0,0.2619047619047619,2,0,0,0.43057972385662646,0.08113624925832504,0.4882840268850485,0,0,True,162
0,644,2,14,0.2619047619047619,2,0,0,0.42911914076412166,0.07578956889794514,0.49509129033793337,0,0,True,162
0,645,19,11,0.0,2,0,0,0.3612439768044141,0.36904843046191477,0.2697075927336712,0,0,True,162
0,629,4,2,0.09523809523809523,6,0,0,0.31982029847420224,0.2663511329167136,0.4138285686090841,0,0,True,163
0,634,7,1,0.2619047619047619,2,0,0,0.41332975144267053,0.07788575234931593,0.5087844962080135,0,0,True,163
0,638,0,18,0.0,2,0,0,0.359368272707221,0.3723245499825282,0.2683071773102507,0,0,True,163
0,639,2,20,0.0,2,0,0,0.3491242163908625,0.378278225855095,0.2725975577540424,0,0,True,163
0,640,16,2,0.0,2,0,0,0.366891430548758,0.3679522152409527,0.2651563542102894,0,0,True,163
0,641,1,5,0.09523809523809523,6,0,0,0.3165734144140244,0.2737992930981174,0.4096272924878581,0,0,True,163
0,642,14,20,0.2619047619047619,2,0,0,0.4158531088941706,0.07225629100562546,0.5118906001002039,0,0,True,163
0,643,0,0,0.2619047619047619,2,0,0,0.43057972385662646,0.08113624925832504,0.4882840268850485,0,0,True,163
0,644,2,14,0.2619047619047619,2,0,0,0.42911914076412166,0.07578956889794514,0.49509129033793337,0,0,True,163
0,645,19,11,0.0,2,0,0,0.3612439768044141,0.36904843046191477,0.2697075927336712,0,0,True,163
0,629,4,2,0.09523809523809523,6,0,0,0.31982029847420224,0.2663511329167136,0.4138285686090841,0,0,True,164
0,634,7,1,0.2619047619047619,2,0,0,0.41332975144267053,0.07788575234931593,0.5087844962080135,0,0,True,164
0,638,0,18,0.0,2,0,0,0.359368272707221,0.3723245499825282,0.2683071773102507,0,0,True,164
0,639,2,20,0.0,2,0,0,0.3491242163908625,0.378278225855095,0.2725975577540424,0,0,True,164
0,640,16,2,0.0,2,0,0,0.366891430548758,0.3679522152409527,0.2651563542102894,0,0,True,164
0,641,1,5,0.09523809523809523,6,0,0,0.3165734144140244,0.2737992930981174,0.4096272924878581,0,0,True,164
0,642,14,20,0.2619047619047619,2,0,0,0.4158531088941706,0.07225629100562546,0.5118906001002039,0,0,True,164
0,643,0,0,0.2619047619047619,2,0,0,0.43057972385662646,0.08113624925832504,0.4882840268850485,0,0,True,164
0,644,2,14,0.2619047619047619,2,0,0,0.42911914076412166,0.07578956889794514,0.49509129033793337,0,0,True,164
0,645,19,11,0.0,2,0,0,0.3612439768044141,0.36904843046191477,0.2697075927336712,0,0,True,164
0,629,4,2,0.09523809523809523,6,0,0,0.31982029847420224,0.2663511329167136,0.4138285686090841,0,0,True,165
0,634,7,1,0.2619047619047619,2,0,0,0.41332975144267053,0.07788575234931593,0.5087844962080135,0,0,True,165
0,638,0,18,0.0,2,0,0,0.359368272707221,0.3723245499825282,0.2683071773102507,0,0,True,165
0,639,2,20,0.0,2,0,0,0.3491242163908625,0.378278225855095,0.2725975577540424,0,0,True,165
0,640,16,2,0.0,2,0,0,0.366891430548758,0.3679522152409527,0.2651563542102894,0,0,True,165
0,641,1,5,0.09523809523809523,6,0,0,0.3165734144140244,0.2737992930981174,0.4096272924878581,0,0,True,165
0,642,14,20,0.2619047619047619,2,0,0,0.4158531088941706,0.07225629100562546,0.5118906001002039,0,0,True,165
0,643,0,0,0.2619047619047619,2,0,0,0.43057972385662646,0.08113624925832504,0.4882840268850485,0,0,True,165
0,644,2,14,0.2619047619047619,2,0,0,0.42911914076412166,0.07578956889794514,0.49509129033793337,0,0,True,165
0,645,19,11,0.0,2,0,0,0.3612439768044141,0.36904843046191477,0.2697075927336712,0,0,True,165
0,629,4,2,0.09523809523809523,6,0,0,0.31982029847420224,0.2663511329167136,0.4138285686090841,0,0,True,166
0,634,7,1,0.2619047619047619,2,0,0,0.41332975144267053,0.07788575234931593,0.5087844962080135,0,0,True,166
0,638,0,18,0.0,2,0,0,0.359368272707221,0.3723245499825282,0.2683071773102507,0,0,True,166
0,639,2,20,0.0,2,0,0,0.3491242163908625,0.378278225855095,0.2725975577540424,0,0,True,166
0,640,16,2,0.0,2,0,0,0.366891430548758,0.3679522152409527,0.2651563542102894,0,0,True,166
0,641,1,5,0.09523809523809523,6,0,0,0.3165734144140244,0.2737992930981174,0.4096272924878581,0,0,True,166
0,642,14,20,0.2619047619047619,2,0,0,0.4158531088941706,0.07225629100562546,0.5118906001002039,0,0,True,166
0,643,0,0,0.2619047619047619,2,0,0,0.43057972385662646,0.08113624925832504,0.4882840268850485,0,0,True,166
0,644,2,14,0.2619047619047619,2,0,0,0.42911914076412166,0.07578956889794514,0.49509129033793337,0,0,True,166
0,645,19,11,0.0,2,0,0,0.3612439768044141,0.36904843046191477,0.2697075927336712,0,0,True,166
0,629,4,2,0.09523809523809523,6,0,0,0.31982029847420224,0.2663511329167136,0.4138285686090841,0,0,True,167
0,634,7,1,0.2619047619047619,2,0,0,0.41332975144267053,0.07788575234931593,0.5087844962080135,0,0,True,167
0,638,0,18,0.0,2,0,0,0.359368272707221,0.3723245499825282,0.2683071773102507,0,0,True,167
0,639,2,20,0.0,2,0,0,0.3491242163908625,0.378278225855095,0.2725975577540424,0,0,True,167
0,640,16,2,0.0,2,0,0,0.366891430548758,0.3679522152409527,0.2651563542102894,0,0,True,167
0,641,1,5,0.09523809523809523,6,0,0,0.3165734144140244,0.2737992930981174,0.4096272924878581,0,0,True,167
0,642,14,20,0.2619047619047619,2,0,0,0.4158531088941706,0.07225629100562546,0.5118906001002039,0,0,True,167
0,643,0,0,0.2619047619047619,2,0,0,0.43057972385662646,0.08113624925832504,0.4882840268850485,0,0,True,167
0,644,2,14,0.2619047619047619,2,0,0,0.42911914076412166,0.07578956889794514,0.49509129033793337,0,0,True,167
0,645,19,11,0.0,2,0,0,0.3612439768044141,0.36904843046191477,0.2697075927336712,0,0,True,167
0,629,4,2,0.09523809523809523,6,0,0,0.31982029847420224,0.2663511329167136,0.4138285686090841,0,0,True,168
0,634,7,1,0.2619047619047619,2,0,0,0.41332975144267053,0.07788575234931593,0.5087844962080135,0,0,True,168
0,638,0,18,0.0,2,0,0,0.359368272707221,0.3723245499825282,0.2683071773102507,0,0,True,168
0,639,2,20,0.0,2,0,0,0.3491242163908625,0.378278225855095,0.2725975577540424,0,0,True,168
0,640,16,2,0.0,2,0,0,0.366891430548758,0.3679522152409527,0.2651563542102894,0,0,True,168
0,641,1,5,0.09523809523809523,6,0,0,0.3165734144140244,0.2737992930981174,0.4096272924878581,0,0,True,168
0,642,14,20,0.2619047619047619,2,0,0,0.4158531088941706,0.07225629100562546,0.5118906001002039,0,0,True,168
0,643,0,0,0.2619047619047619,2,0,0,0.43057972385662646,0.08113624925832504,0.4882840268850485,0,0,True,168
0,644,2,14,0.2619047619047619,2,0,0,0.42911914076412166,0.07578956889794514,0.49509129033793337,0,0,True,168
0,645,19,11,0.0,2,0,0,0.3612439768044141,0.36904843046191477,0.2697075927336712,0,0,True,168
0,629,4,2,0.09523809523809523,6,0,0,0.31982029847420224,0.2663511329167136,0.4138285686090841,0,0,True,169
0,634,7,1,0.2619047619047619,2,0,0,0.41332975144267053,0.07788575234931593,0.5087844962080135,0,0,True,169
0,638,0,18,0.0,2,0,0,0.359368272707221,0.3723245499825282,0.2683071773102507,0,0,True,169
0,639,2,20,0.0,2,0,0,0.3491242163908625,0.378278225855095,0.2725975577540424,0,0,True,169
0,640,16,2,0.0,2,0,0,0.366891430548758,0.3679522152409527,0.2651563542102894,0,0,True,169
0,641,1,5,0.09523809523809523,6,0,0,0.3165734144140244,0.2737992930981174,0.4096272924878581,0,0,True,169
0,642,14,20,0.2619047619047619,2,0,0,0.4158531088941706,0.07225629100562546,0.5118906001002039,0,0,True,169
0,643,0,0,0.2619047619047619,2,0,0,0.43057972385662646,0.08113624925832504,0.4882840268850485,0,0,True,169
0,644,2,14,0.2619047619047619,2,0,0,0.42911914076412166,0.07578956889794514,0.49509129033793337,0,0,True,169
0,645,19,11,0.0,2,0,0,0.3612439768044141,0.36904843046191477,0.2697075927336712,0,0,True,169
0,629,4,2,0.09523809523809523,6,0,0,0.31982029847420224,0.2663511329167136,0.4138285686090841,0,0,True,170
0,634,7,1,0.2619047619047619,2,0,0,0.41332975144267053,0.07788575234931593,0.5087844962080135,0,0,True,170
0,638,0,18,0.0,2,0,0,0.359368272707221,0.3723245499825282,0.2683071773102507,0,0,True,170
0,639,2,20,0.0,2,0,0,0.3491242163908625,0.378278225855095,0.2725975577540424,0,0,True,170
0,640,16,2,0.0,2,0,0,0.366891430548758,0.3679522152409527,0.2651563542102894,0,0,True,170
0,641,1,5,0.09523809523809523,6,0,0,0.3165734144140244,0.2737992930981174,0.4096272924878581,0,0,True,170
0,642,14,20,0.2619047619047619,2,0,0,0.4158531088941706,0.07225629100562546,0.5118906001002039,0,0,True,170
0,643,0,0,0.2619047619047619,2,0,0,0.43057972385662646,0.08113624925832504,0.4882840268850485,0,0,True,170
0,644,2,14,0.2619047619047619,2,0,0,0.42911914076412166,0.07578956889794514,0.49509129033793337,0,0,True,170
0,645,19,11,0.0,2,0,0,0.3612439768044141,0.36904843046191477,0.2697075927336712,0,0,True,170
0,629,4,2,0.09523809523809523,6,0,0,0.31982029847420224,0.2663511329167136,0.4138285686090841,0,0,True,171
0,634,7,1,0.2619047619047619,2,0,0,0.41332975144267053,0.07788575234931593,0.5087844962080135,0,0,True,171
0,638,0,18,0.0,2,0,0,0.359368272707221,0.3723245499825282,0.2683071773102507,0,0,True,171
0,639,2,20,0.0,2,0,0,0.3491242163908625,0.378278225855095,0.2725975577540424,0,0,True,171
0,640,16,2,0.0,2,0,0,0.366891430548758,0.3679522152409527,0.2651563542102894,0,0,True,171
0,641,1,5,0.09523809523809523,6,0,0,0.3165734144140244,0.2737992930981174,0.4096272924878581,0,0,True,171
0,642,14,20,0.2619047619047619,2,0,0,0.4158531088941706,0.07225629100562546,0.5118906001002039,0,0,True,171
0,643,0,0,0.2619047619047619,2,0,0,0.43057972385662646,0.08113624925832504,0.4882840268850485,0,0,True,171
0,644,2,14,0.2619047619047619,2,0,0,0.42911914076412166,0.07578956889794514,0.49509129033793337,0,0,True,171
0,645,19,11,0.0,2,0,0,0.3612439768044141,0.36904843046191477,0.2697075927336712,0,0,True,171
0,629,4,2,0.09523809523809523,6,0,0,0.31982029847420224,0.2663511329167136,0.4138285686090841,0,0,True,172
0,634,7,1,0.2619047619047619,2,0,0,0.41332975144267053,0.07788575234931593,0.5087844962080135,0,0,True,172
0,638,0,18,0.0,2,0,0,0.359368272707221,0.3723245499825282,0.2683071773102507,0,0,True,172
0,639,2,20,0.0,2,0,0,0.3491242163908625,0.378278225855095,0.2725975577540424,0,0,True,172
0,640,16,2,0.0,2,0,0,0.366891430548758,0.3679522152409527,0.2651563542102894,0,0,True,172
0,641,1,5,0.09523809523809523,6,0,0,0.3165734144140244,0.2737992930981174,0.4096272924878581,0,0,True,172
0,642,14,20,0.2619047619047619,2,0,0,0.4158531088941706,0.07225629100562546,0.5118906001002039,0,0,True,172
0,643,0,0,0.2619047619047619,2,0,0,0.43057972385662646,0.08113624925832504,0.4882840268850485,0,0,True,172
0,644,2,14,0.2619047619047619,2,0,0,0.42911914076412166,0.07578956889794514,0.49509129033793337,0,0,True,172
0,645,19,11,0.0,2,0,0,0.3612439768044141,0.36904843046191477,0.2697075927336712,0,0,True,172
0,629,4,2,0.09523809523809523,6,0,0,0.31982029847420224,0.2663511329167136,0.4138285686090841,0,0,True,173
0,634,7,1,0.2619047619047619,2,0,0,0.41332975144267053,0.07788575234931593,0.5087844962080135,0,0,True,173
0,638,0,18,0.0,2,0,0,0.359368272707221,0.3723245499825282,0.2683071773102507,0,0,True,173
0,639,2,20,0.0,2,0,0,0.3491242163908625,0.378278225855095,0.2725975577540424,0,0,True,173
0,640,16,2,0.0,2,0,0,0.366891430548758,0.3679522152409527,0.2651563542102894,0,0,True,173
0,641,1,5,0.09523809523809523,6,0,0,0.3165734144140244,0.2737992930981174,0.4096272924878581,0,0,True,173
0,642,14,20,0.2619047619047619,2,0,0,0.4158531088941706,0.07225629100562546,0.5118906001002039,0,0,True,173
0,643,0,0,0.2619047619047619,2,0,0,0.43057972385662646,0.08113624925832504,0.4882840268850485,0,0,True,173
0,644,2,14,0.2619047619047619,2,0,0,0.42911914076412166,0.07578956889794514,0.49509129033793337,0,0,True,173
0,645,19,11,0.0,2,0,0,0.3612439768044141,0.36904843046191477,0.2697075927336712,0,0,True,173
0,629,4,2,0.09523809523809523,6,0,0,0.31982029847420224,0.2663511329167136,0.4138285686090841,0,0,True,174
0,634,7,1,0.2619047619047619,2,0,0,0.41332975144267053,0.07788575234931593,0.5087844962080135,0,0,True,174
0,638,0,18,0.0,2,0,0,0.359368272707221,0.3723245499825282,0.2683071773102507,0,0,True,174
0,639,2,20,0.0,2,0,0,0.3491242163908625,0.378278225855095,0.2725975577540424,0,0,True,174
0,640,16,2,0.0,2,0,0,0.366891430548758,0.3679522152409527,0.2651563542102894,0,0,True,174
0,641,1,5,0.09523809523809523,6,0,0,0.3165734144140244,0.2737992930981174,0.4096272924878581,0,0,True,174
0,642,14,20,0.2619047619047619,2,0,0,0.4158531088941706,0.07225629100562546,0.5118906001002039,0,0,True,174
0,643,0,0,0.2619047619047619,2,0,0,0.43057972385662646,0.08113624925832504,0.4882840268850485,0,0,True,174
0,644,2,14,0.2619047619047619,2,0,0,0.42911914076412166,0.07578956889794514,0.49509129033793337,0,0,True,174
0,645,19,11,0.0,2,0,0,0.3612439768044141,0.36904843046191477,0.2697075927336712,0,0,True,174
0,629,4,2,0.09523809523809523,6,0,0,0.31982029847420224,0.2663511329167136,0.4138285686090841,0,0,True,175
0,634,7,1,0.2619047619047619,2,0,0,0.41332975144267053,0.07788575234931593,0.5087844962080135,0,0,True,175
0,638,0,18,0.0,2,0,0,0.359368272707221,0.3723245499825282,0.2683071773102507,0,0,True,175
0,639,2,20,0.0,2,0,0,0.3491242163908625,0.378278225855095,0.2725975577540424,0,0,True,175
0,640,16,2,0.0,2,0,0,0.366891430548758,0.3679522152409527,0.2651563542102894,0,0,True,175
0,641,1,5,0.09523809523809523,6,0,0,0.3165734144140244,0.2737992930981174,0.4096272924878581,0,0,True,175
0,642,14,20,0.2619047619047619,2,0,0,0.4158531088941706,0.07225629100562546,0.5118906001002039,0,0,True,175
0,643,0,0,0.2619047619047619,2,0,0,0.43057972385662646,0.08113624925832504,0.4882840268850485,0,0,True,175
0,644,2,14,0.2619047619047619,2,0,0,0.42911914076412166,0.07578956889794514,0.49509129033793337,0,0,True,175
0,645,19,11,0.0,2,0,0,0.3612439768044141,0.36904843046191477,0.2697075927336712,0,0,True,175
0,629,4,2,0.09523809523809523,6,0,0,0.31982029847420224,0.2663511329167136,0.4138285686090841,0,0,True,176
0,634,7,1,0.2619047619047619,2,0,0,0.41332975144267053,0.07788575234931593,0.5087844962080135,0,0,True,176
0,638,0,18,0.0,2,0,0,0.359368272707221,0.3723245499825282,0.2683071773102507,0,0,True,176
0,639,2,20,0.0,2,0,0,0.3491242163908625,0.378278225855095,0.2725975577540424,0,0,True,176
0,640,16,2,0.0,2,0,0,0.366891430548758,0.3679522152409527,0.2651563542102894,0,0,True,176
0,641,1,5,0.09523809523809523,6,0,0,0.3165734144140244,0.2737992930981174,0.4096272924878581,0,0,True,176
0,642,14,20,0.2619047619047619,2,0,0,0.4158531088941706,0.07225629100562546,0.5118906001002039,0,0,True,176
0,643,0,0,0.2619047619047619,2,0,0,0.43057972385662646,0.08113624925832504,0.4882840268850485,0,0,True,176
0,644,2,14,0.2619047619047619,2,0,0,0.42911914076412166,0.07578956889794514,0.49509129033793337,0,0,True,176
0,645,19,11,0.0,2,0,0,0.3612439768044141,0.36904843046191477,0.2697075927336712,0,0,True,176
0,629,4,2,0.09523809523809523,6,0,0,0.31982029847420224,0.2663511329167136,0.4138285686090841,0,0,True,177
0,634,7,1,0.2619047619047619,2,0,0,0.41332975144267053,0.07788575234931593,0.5087844962080135,0,0,True,177
0,638,0,18,0.0,2,0,0,0.359368272707221,0.3723245499825282,0.2683071773102507,0,0,True,177
0,639,2,20,0.0,2,0,0,0.3491242163908625,0.378278225855095,0.2725975577540424,0,0,True,177
0,640,16,2,0.0,2,0,0,0.366891430548758,0.3679522152409527,0.2651563542102894,0,0,True,177
0,641,1,5,0.09523809523809523,6,0,0,0.3165734144140244,0.2737992930981174,0.4096272924878581,0,0,True,177
0,642,14,20,0.2619047619047619,2,0,0,0.4158531088941706,0.07225629100562546,0.5118906001002039,0,0,True,177
0,643,0,0,0.2619047619047619,2,0,0,0.43057972385662646,0.08113624925832504,0.4882840268850485,0,0,True,177
0,644,2,14,0.2619047619047619,2,0,0,0.42911914076412166,0.07578956889794514,0.49509129033793337,0,0,True,177
0,645,19,11,0.0,2,0,0,0.3612439768044141,0.36904843046191477,0.2697075927336712,0,0,True,177
0,629,4,2,0.09523809523809523,6,0,0,0.31982029847420224,0.2663511329167136,0.4138285686090841,0,0,True,178
0,634,7,1,0.2619047619047619,2,0,0,0.41332975144267053,0.07788575234931593,0.5087844962080135,0,0,True,178
0,638,0,18,0.0,2,0,0,0.359368272707221,0.3723245499825282,0.2683071773102507,0,0,True,178
0,639,2,20,0.0,2,0,0,0.3491242163908625,0.378278225855095,0.2725975577540424,0,0,True,178
0,640,16,2,0.0,2,0,0,0.366891430548758,0.3679522152409527,0.2651563542102894,0,0,True,178
0,641,1,5,0.09523809523809523,6,0,0,0.3165734144140244,0.2737992930981174,0.4096272924878581,0,0,True,178
0,642,14,20,0.2619047619047619,2,0,0,0.4158531088941706,0.07225629100562546,0.5118906001002039,0,0,True,178
0,643,0,0,0.2619047619047619,2,0,0,0.43057972385662646,0.08113624925832504,0.4882840268850485,0,0,True,178
0,644,2,14,0.2619047619047619,2,0,0,0.42911914076412166,0.07578956889794514,0.49509129033793337,0,0,True,178
0,645,19,11,0.0,2,0,0,0.3612439768044141,0.36904843046191477,0.2697075927336712,0,0,True,178
0,629,4,2,0.09523809523809523,6,0,0,0.31982029847420224,0.2663511329167136,0.4138285686090841,0,0,True,179
0,634,7,1,0.2619047619047619,2,0,0,0.41332975144267053,0.07788575234931593,0.5087844962080135,0,0,True,179
0,638,0,18,0.0,2,0,0,0.359368272707221,0.3723245499825282,0.2683071773102507,0,0,True,179
0,639,2,20,0.0,2,0,0,0.3491242163908625,0.378278225855095,0.2725975577540424,0,0,True,179
0,640,16,2,0.0,2,0,0,0.366891430548758,0.3679522152409527,0.2651563542102894,0,0,True,179
0,641,1,5,0.09523809523809523,6,0,0,0.3165734144140244,0.2737992930981174,0.4096272924878581,0,0,True,179
0,642,14,20,0.2619047619047619,2,0,0,0.4158531088941706,0.07225629100562546,0.5118906001002039,0,0,True,179
0,643,0,0,0.2619047619047619,2,0,0,0.43057972385662646,0.08113624925832504,0.4882840268850485,0,0,True,179
0,644,2,14,0.2619047619047619,2,0,0,0.42911914076412166,0.07578956889794514,0.49509129033793337,0,0,True,179
0,645,19,11,0.0,2,0,0,0.3612439768044141,0.36904843046191477,0.2697075927336712,0,0,True,179
0,629,4,2,0.09523809523809523,6,0,0,0.31982029847420224,0.2663511329167136,0.4138285686090841,0,0,True,180
0,634,7,1,0.2619047619047619,2,0,0,0.41332975144267053,0.07788575234931593,0.5087844962080135,0,0,True,180
0,638,0,18,0.0,2,0,0,0.359368272707221,0.3723245499825282,0.2683071773102507,0,0,True,180
0,639,2,20,0.0,2,0,0,0.3491242163908625,0.378278225855095,0.2725975577540424,0,0,True,180
0,640,16,2,0.0,2,0,0,0.366891430548758,0.3679522152409527,0.2651563542102894,0,0,True,180
0,641,1,5,0.09523809523809523,6,0,0,0.3165734144140244,0.2737992930981174,0.4096272924878581,0,0,True,180
0,642,14,20,0.2619047619047619,2,0,0,0.4158531088941706,0.07225629100562546,0.5118906001002039,0,0,True,180
0,643,0,0,0.2619047619047619,2,0,0,0.43057972385662646,0.08113624925832504,0.4882840268850485,0,0,True,180
0,644,2,14,0.2619047619047619,2,0,0,0.42911914076412166,0.07578956889794514,0.49509129033793337,0,0,True,180
0,645,19,11,0.0,2,0,0,0.3612439768044141,0.36904843046191477,0.2697075927336712,0,0,True,180
0,629,4,2,0.09523809523809523,6,0,0,0.31982029847420224,0.2663511329167136,0.4138285686090841,0,0,True,181
0,634,7,1,0.2619047619047619,2,0,0,0.41332975144267053,0.07788575234931593,0.5087844962080135,0,0,True,181
0,638,0,18,0.0,2,0,0,0.359368272707221,0.3723245499825282,0.2683071773102507,0,0,True,181
0,639,2,20,0.0,2,0,0,0.3491242163908625,0.378278225855095,0.2725975577540424,0,0,True,181
0,640,16,2,0.0,2,0,0,0.366891430548758,0.3679522152409527,0.2651563542102894,0,0,True,181
0,641,1,5,0.09523809523809523,6,0,0,0.3165734144140244,0.2737992930981174,0.4096272924878581,0,0,True,181
0,642,14,20,0.2619047619047619,2,0,0,0.4158531088941706,0.07225629100562546,0.5118906001002039,0,0,True,181
0,643,0,0,0.2619047619047619,2,0,0,0.43057972385662646,0.08113624925832504,0.4882840268850485,0,0,True,181
0,644,2,14,0.2619047619047619,2,0,0,0.42911914076412166,0.07578956889794514,0.49509129033793337,0,0,True,181
0,645,19,11,0.0,2,0,0,0.3612439768044141,0.36904843046191477,0.2697075927336712,0,0,True,181
0,629,4,2,0.09523809523809523,6,0,0,0.31982029847420224,0.2663511329167136,0.4138285686090841,0,0,True,182
0,634,7,1,0.2619047619047619,2,0,0,0.41332975144267053,0.07788575234931593,0.5087844962080135,0,0,True,182
0,638,0,18,0.0,2,0,0,0.359368272707221,0.3723245499825282,0.2683071773102507,0,0,True,182
0,639,2,20,0.0,2,0,0,0.3491242163908625,0.378278225855095,0.2725975577540424,0,0,True,182
0,640,16,2,0.0,2,0,0,0.366891430548758,0.3679522152409527,0.2651563542102894,0,0,True,182
0,641,1,5,0.09523809523809523,6,0,0,0.3165734144140244,0.2737992930981174,0.4096272924878581,0,0,True,182
0,642,14,20,0.2619047619047619,2,0,0,0.4158531088941706,0.07225629100562546,0.5118906001002039,0,0,True,182
0,643,0,0,0.2619047619047619,2,0,0,0.43057972385662646,0.08113624925832504,0.4882840268850485,0,0,True,182
0,644,2,14,0.2619047619047619,2,0,0,0.42911914076412166,0.07578956889794514,0.49509129033793337,0,0,True,182
0,645,19,11,0.0,2,0,0,0.3612439768044141,0.36904843046191477,0.2697075927336712,0,0,True,182
0,629,4,2,0.09523809523809523,6,0,0,0.31982029847420224,0.2663511329167136,0.4138285686090841,0,0,True,183
0,634,7,1,0.2619047619047619,2,0,0,0.41332975144267053,0.07788575234931593,0.5087844962080135,0,0,True,183
0,638,0,18,0.0,2,0,0,0.359368272707221,0.3723245499825282,0.2683071773102507,0,0,True,183
0,639,2,20,0.0,2,0,0,0.3491242163908625,0.378278225855095,0.2725975577540424,0,0,True,183
0,640,16,2,0.0,2,0,0,0.366891430548758,0.3679522152409527,0.2651563542102894,0,0,True,183
0,641,1,5,0.09523809523809523,6,0,0,0.3165734144140244,0.2737992930981174,0.4096272924878581,0,0,True,183
0,642,14,20,0.2619047619047619,2,0,0,0.4158531088941706,0.07225629100562546,0.5118906001002039,0,0,True,183
0,643,0,0,0.2619047619047619,2,0,0,0.43057972385662646,0.08113624925832504,0.4882840268850485,0,0,True,183
0,644,2,14,0.2619047619047619,2,0,0,0.42911914076412166,0.07578956889794514,0.49509129033793337,0,0,True,183
0,645,19,11,0.0,2,0,0,0.3612439768044141,0.36904843046191477,0.2697075927336712,0,0,True,183
0,629,4,2,0.09523809523809523,6,0,0,0.31982029847420224,0.2663511329167136,0.4138285686090841,0,0,True,184
0,634,7,1,0.2619047619047619,2,0,0,0.41332975144267053,0.07788575234931593,0.5087844962080135,0,0,True,184
0,638,0,18,0.0,2,0,0,0.359368272707221,0.3723245499825282,0.2683071773102507,0,0,True,184
0,639,2,20,0.0,2,0,0,0.3491242163908625,0.378278225855095,0.2725975577540424,0,0,True,184
0,640,16,2,0.0,2,0,0,0.366891430548758,0.3679522152409527,0.2651563542102894,0,0,True,184
0,641,1,5,0.09523809523809523,6,0,0,0.3165734144140244,0.2737992930981174,0.4096272924878581,0,0,True,184
0,642,14,20,0.2619047619047619,2,0,0,0.4158531088941706,0.07225629100562546,0.5118906001002039,0,0,True,184
0,643,0,0,0.2619047619047619,2,0,0,0.43057972385662646,0.08113624925832504,0.4882840268850485,0,0,True,184
0,644,2,14,0.2619047619047619,2,0,0,0.42911914076412166,0.07578956889794514,0.49509129033793337,0,0,True,184
0,645,19,11,0.0,2,0,0,0.3612439768044141,0.36904843046191477,0.2697075927336712,0,0,True,184
0,629,4,2,0.09523809523809523,6,0,0,0.31982029847420224,0.2663511329167136,0.4138285686090841,0,0,True,185
0,634,7,1,0.2619047619047619,2,0,0,0.41332975144267053,0.07788575234931593,0.5087844962080135,0,0,True,185
0,638,0,18,0.0,2,0,0,0.359368272707221,0.3723245499825282,0.2683071773102507,0,0,True,185
0,639,2,20,0.0,2,0,0,0.3491242163908625,0.378278225855095,0.2725975577540424,0,0,True,185
0,640,16,2,0.0,2,0,0,0.366891430548758,0.3679522152409527,0.2651563542102894,0,0,True,185
0,641,1,5,0.09523809523809523,6,0,0,0.3165734144140244,0.2737992930981174,0.4096272924878581,0,0,True,185
0,642,14,20,0.2619047619047619,2,0,0,0.4158531088941706,0.07225629100562546,0.5118906001002039,0,0,True,185
0,643,0,0,0.2619047619047619,2,0,0,0.43057972385662646,0.08113624925832504,0.4882840268850485,0,0,True,185
0,644,2,14,0.2619047619047619,2,0,0,0.42911914076412166,0.07578956889794514,0.49509129033793337,0,0,True,185
0,645,19,11,0.0,2,0,0,0.3612439768044141,0.36904843046191477,0.2697075927336712,0,0,True,185
0,629,4,2,0.09523809523809523,6,0,0,0.31982029847420224,0.2663511329167136,0.4138285686090841,0,0,True,186
0,634,7,1,0.2619047619047619,2,0,0,0.41332975144267053,0.07788575234931593,0.5087844962080135,0,0,True,186
0,638,0,18,0.0,2,0,0,0.359368272707221,0.3723245499825282,0.2683071773102507,0,0,True,186
0,639,2,20,0.0,2,0,0,0.3491242163908625,0.378278225855095,0.2725975577540424,0,0,True,186
0,640,16,2,0.0,2,0,0,0.366891430548758,0.3679522152409527,0.2651563542102894,0,0,True,186
0,641,1,5,0.09523809523809523,6,0,0,0.3165734144140244,0.2737992930981174,0.4096272924878581,0,0,True,186
0,642,14,20,0.2619047619047619,2,0,0,0.4158531088941706,0.07225629100562546,0.5118906001002039,0,0,True,186
0,643,0,0,0.2619047619047619,2,0,0,0.43057972385662646,0.08113624925832504,0.4882840268850485,0,0,True,186
0,644,2,14,0.2619047619047619,2,0,0,0.42911914076412166,0.07578956889794514,0.49509129033793337,0,0,True,186
0,645,19,11,0.0,2,0,0,0.3612439768044141,0.36904843046191477,0.2697075927336712,0,0,True,186
0,629,4,2,0.09523809523809523,6,0,0,0.31982029847420224,0.2663511329167136,0.4138285686090841,0,0,True,187
0,634,7,1,0.2619047619047619,2,0,0,0.41332975144267053,0.07788575234931593,0.5087844962080135,0,0,True,187
0,638,0,18,0.0,2,0,0,0.359368272707221,0.3723245499825282,0.2683071773102507,0,0,True,187
0,639,2,20,0.0,2,0,0,0.3491242163908625,0.378278225855095,0.2725975577540424,0,0,True,187
0,640,16,2,0.0,2,0,0,0.366891430548758,0.3679522152409527,0.2651563542102894,0,0,True,187
0,641,1,5,0.09523809523809523,6,0,0,0.3165734144140244,0.2737992930981174,0.4096272924878581,0,0,True,187
0,642,14,20,0.2619047619047619,2,0,0,0.4158531088941706,0.07225629100562546,0.5118906001002039,0,0,True,187
0,643,0,0,0.2619047619047619,2,0,0,0.43057972385662646,0.08113624925832504,0.4882840268850485,0,0,True,187
0,644,2,14,0.2619047619047619,2,0,0,0.42911914076412166,0.07578956889794514,0.49509129033793337,0,0,True,187
0,645,19,11,0.0,2,0,0,0.3612439768044141,0.36904843046191477,0.2697075927336712,0,0,True,187
0,629,4,2,0.09523809523809523,6,0,0,0.31982029847420224,0.2663511329167136,0.4138285686090841,0,0,True,188
0,634,7,1,0.2619047619047619,2,0,0,0.41332975144267053,0.07788575234931593,0.5087844962080135,0,0,True,188
0,638,0,18,0.0,2,0,0,0.359368272707221,0.3723245499825282,0.2683071773102507,0,0,True,188
0,639,2,20,0.0,2,0,0,0.3491242163908625,0.378278225855095,0.2725975577540424,0,0,True,188
0,640,16,2,0.0,2,0,0,0.366891430548758,0.3679522152409527,0.2651563542102894,0,0,True,188
0,641,1,5,0.09523809523809523,6,0,0,0.3165734144140244,0.2737992930981174,0.4096272924878581,0,0,True,188
0,642,14,20,0.2619047619047619,2,0,0,0.4158531088941706,0.07225629100562546,0.5118906001002039,0,0,True,188
0,643,0,0,0.2619047619047619,2,0,0,0.43057972385662646,0.08113624925832504,0.4882840268850485,0,0,True,188
0,644,2,14,0.2619047619047619,2,0,0,0.42911914076412166,0.07578956889794514,0.49509129033793337,0,0,True,188
0,645,19,11,0.0,2,0,0,0.3612439768044141,0.36904843046191477,0.2697075927336712,0,0,True,188
0,629,4,2,0.09523809523809523,6,0,0,0.31982029847420224,0.2663511329167136,0.4138285686090841,0,0,True,189
0,634,7,1,0.2619047619047619,2,0,0,0.41332975144267053,0.07788575234931593,0.5087844962080135,0,0,True,189
0,638,0,18,0.0,2,0,0,0.359368272707221,0.3723245499825282,0.2683071773102507,0,0,True,189
0,639,2,20,0.0,2,0,0,0.3491242163908625,0.378278225855095,0.2725975577540424,0,0,True,189
0,640,16,2,0.0,2,0,0,0.366891430548758,0.3679522152409527,0.2651563542102894,0,0,True,189
0,641,1,5,0.09523809523809523,6,0,0,0.3165734144140244,0.2737992930981174,0.4096272924878581,0,0,True,189
0,642,14,20,0.2619047619047619,2,0,0,0.4158531088941706,0.07225629100562546,0.5118906001002039,0,0,True,189
0,643,0,0,0.2619047619047619,2,0,0,0.43057972385662646,0.08113624925832504,0.4882840268850485,0,0,True,189
0,644,2,14,0.2619047619047619,2,0,0,0.42911914076412166,0.07578956889794514,0.49509129033793337,0,0,True,189
0,645,19,11,0.0,2,0,0,0.3612439768044141,0.36904843046191477,0.2697075927336712,0,0,True,189
0,629,4,2,0.09523809523809523,6,0,0,0.31982029847420224,0.2663511329167136,0.4138285686090841,0,0,True,190
0,634,7,1,0.2619047619047619,2,0,0,0.41332975144267053,0.07788575234931593,0.5087844962080135,0,0,True,190
0,638,0,18,0.0,2,0,0,0.359368272707221,0.3723245499825282,0.2683071773102507,0,0,True,190
0,639,2,20,0.0,2,0,0,0.3491242163908625,0.378278225855095,0.2725975577540424,0,0,True,190
0,640,16,2,0.0,2,0,0,0.366891430548758,0.3679522152409527,0.2651563542102894,0,0,True,190
0,641,1,5,0.09523809523809523,6,0,0,0.3165734144140244,0.2737992930981174,0.4096272924878581,0,0,True,190
0,642,14,20,0.2619047619047619,2,0,0,0.4158531088941706,0.07225629100562546,0.5118906001002039,0,0,True,190
0,643,0,0,0.2619047619047619,2,0,0,0.43057972385662646,0.08113624925832504,0.4882840268850485,0,0,True,190
0,644,2,14,0.2619047619047619,2,0,0,0.42911914076412166,0.07578956889794514,0.49509129033793337,0,0,True,190
0,645,19,11,0.0,2,0,0,0.3612439768044141,0.36904843046191477,0.2697075927336712,0,0,True,190
0,629,4,2,0.09523809523809523,6,0,0,0.31982029847420224,0.2663511329167136,0.4138285686090841,0,0,True,191
0,634,7,1,0.2619047619047619,2,0,0,0.41332975144267053,0.07788575234931593,0.5087844962080135,0,0,True,191
0,638,0,18,0.0,2,0,0,0.359368272707221,0.3723245499825282,0.2683071773102507,0,0,True,191
0,639,2,20,0.0,2,0,0,0.3491242163908625,0.378278225855095,0.2725975577540424,0,0,True,191
0,640,16,2,0.0,2,0,0,0.366891430548758,0.3679522152409527,0.2651563542102894,0,0,True,191
0,641,1,5,0.09523809523809523,6,0,0,0.3165734144140244,0.2737992930981174,0.4096272924878581,0,0,True,191
0,642,14,20,0.2619047619047619,2,0,0,0.4158531088941706,0.07225629100562546,0.5118906001002039,0,0,True,191
0,643,0,0,0.2619047619047619,2,0,0,0.43057972385662646,0.08113624925832504,0.4882840268850485,0,0,True,191
0,644,2,14,0.2619047619047619,2,0,0,0.42911914076412166,0.07578956889794514,0.49509129033793337,0,0,True,191
0,645,19,11,0.0,2,0,0,0.3612439768044141,0.36904843046191477,0.2697075927336712,0,0,True,191
0,629,4,2,0.09523809523809523,6,0,0,0.31982029847420224,0.2663511329167136,0.4138285686090841,0,0,True,192
0,634,7,1,0.2619047619047619,2,0,0,0.41332975144267053,0.07788575234931593,0.5087844962080135,0,0,True,192
0,638,0,18,0.0,2,0,0,0.359368272707221,0.3723245499825282,0.2683071773102507,0,0,True,192
0,639,2,20,0.0,2,0,0,0.3491242163908625,0.378278225855095,0.2725975577540424,0,0,True,192
0,640,16,2,0.0,2,0,0,0.366891430548758,0.3679522152409527,0.2651563542102894,0,0,True,192
0,641,1,5,0.09523809523809523,6,0,0,0.3165734144140244,0.2737992930981174,0.4096272924878581,0,0,True,192
0,642,14,20,0.2619047619047619,2,0,0,0.4158531088941706,0.07225629100562546,0.5118906001002039,0,0,True,192
0,643,0,0,0.2619047619047619,2,0,0,0.43057972385662646,0.08113624925832504,0.4882840268850485,0,0,True,192
0,644,2,14,0.2619047619047619,2,0,0,0.42911914076412166,0.07578956889794514,0.49509129033793337,0,0,True,192
0,645,19,11,0.0,2,0,0,0.3612439768044141,0.36904843046191477,0.2697075927336712,0,0,True,192
0,629,4,2,0.09523809523809523,6,0,0,0.31982029847420224,0.2663511329167136,0.4138285686090841,0,0,True,193
0,634,7,1,0.2619047619047619,2,0,0,0.41332975144267053,0.07788575234931593,0.5087844962080135,0,0,True,193
0,638,0,18,0.0,2,0,0,0.359368272707221,0.3723245499825282,0.2683071773102507,0,0,True,193
0,639,2,20,0.0,2,0,0,0.3491242163908625,0.378278225855095,0.2725975577540424,0,0,True,193
0,640,16,2,0.0,2,0,0,0.366891430548758,0.3679522152409527,0.2651563542102894,0,0,True,193
0,641,1,5,0.09523809523809523,6,0,0,0.3165734144140244,0.2737992930981174,0.4096272924878581,0,0,True,193
0,642,14,20,0.2619047619047619,2,0,0,0.4158531088941706,0.07225629100562546,0.5118906001002039,0,0,True,193
0,643,0,0,0.2619047619047619,2,0,0,0.43057972385662646,0.08113624925832504,0.4882840268850485,0,0,True,193
0,644,2,14,0.2619047619047619,2,0,0,0.42911914076412166,0.07578956889794514,0.49509129033793337,0,0,True,193
0,645,19,11,0.0,2,0,0,0.3612439768044141,0.36904843046191477,0.2697075927336712,0,0,True,193
0,629,4,2,0.09523809523809523,6,0,0,0.31982029847420224,0.2663511329167136,0.4138285686090841,0,0,True,194
0,634,7,1,0.2619047619047619,2,0,0,0.41332975144267053,0.07788575234931593,0.5087844962080135,0,0,True,194
0,638,0,18,0.0,2,0,0,0.359368272707221,0.3723245499825282,0.2683071773102507,0,0,True,194
0,639,2,20,0.0,2,0,0,0.3491242163908625,0.378278225855095,0.2725975577540424,0,0,True,194
0,640,16,2,0.0,2,0,0,0.366891430548758,0.3679522152409527,0.2651563542102894,0,0,True,194
0,641,1,5,0.09523809523809523,6,0,0,0.3165734144140244,0.2737992930981174,0.4096272924878581,0,0,True,194
0,642,14,20,0.2619047619047619,2,0,0,0.4158531088941706,0.07225629100562546,0.5118906001002039,0,0,True,194
0,643,0,0,0.2619047619047619,2,0,0,0.43057972385662646,0.08113624925832504,0.4882840268850485,0,0,True,194
0,644,2,14,0.2619047619047619,2,0,0,0.42911914076412166,0.07578956889794514,0.49509129033793337,0,0,True,194
0,645,19,11,0.0,2,0,0,0.3612439768044141,0.36904843046191477,0.2697075927336712,0,0,True,194
0,629,4,2,0.09523809523809523,6,0,0,0.31982029847420224,0.2663511329167136,0.4138285686090841,0,0,True,195
0,634,7,1,0.2619047619047619,2,0,0,0.41332975144267053,0.07788575234931593,0.5087844962080135,0,0,True,195
0,638,0,18,0.0,2,0,0,0.359368272707221,0.3723245499825282,0.2683071773102507,0,0,True,195
0,639,2,20,0.0,2,0,0,0.3491242163908625,0.378278225855095,0.2725975577540424,0,0,True,195
0,640,16,2,0.0,2,0,0,0.366891430548758,0.3679522152409527,0.2651563542102894,0,0,True,195
0,641,1,5,0.09523809523809523,6,0,0,0.3165734144140244,0.2737992930981174,0.4096272924878581,0,0,True,195
0,642,14,20,0.2619047619047619,2,0,0,0.4158531088941706,0.07225629100562546,0.5118906001002039,0,0,True,195
0,643,0,0,0.2619047619047619,2,0,0,0.43057972385662646,0.08113624925832504,0.4882840268850485,0,0,True,195
0,644,2,14,0.2619047619047619,2,0,0,0.42911914076412166,0.07578956889794514,0.49509129033793337,0,0,True,195
0,645,19,11,0.0,2,0,0,0.3612439768044141,0.36904843046191477,0.2697075927336712,0,0,True,195
0,629,4,2,0.09523809523809523,6,0,0,0.31982029847420224,0.2663511329167136,0.4138285686090841,0,0,True,196
0,634,7,1,0.2619047619047619,2,0,0,0.41332975144267053,0.07788575234931593,0.5087844962080135,0,0,True,196
0,638,0,18,0.0,2,0,0,0.359368272707221,0.3723245499825282,0.2683071773102507,0,0,True,196
0,639,2,20,0.0,2,0,0,0.3491242163908625,0.378278225855095,0.2725975577540424,0,0,True,196
0,640,16,2,0.0,2,0,0,0.366891430548758,0.3679522152409527,0.2651563542102894,0,0,True,196
0,641,1,5,0.09523809523809523,6,0,0,0.3165734144140244,0.2737992930981174,0.4096272924878581,0,0,True,196
0,642,14,20,0.2619047619047619,2,0,0,0.4158531088941706,0.07225629100562546,0.5118906001002039,0,0,True,196
0,643,0,0,0.2619047619047619,2,0,0,0.43057972385662646,0.08113624925832504,0.4882840268850485,0,0,True,196
0,644,2,14,0.2619047619047619,2,0,0,0.42911914076412166,0.07578956889794514,0.49509129033793337,0,0,True,196
0,645,19,11,0.0,2,0,0,0.3612439768044141,0.36904843046191477,0.2697075927336712,0,0,True,196
0,629,4,2,0.09523809523809523,6,0,0,0.31982029847420224,0.2663511329167136,0.4138285686090841,0,0,True,197
0,634,7,1,0.2619047619047619,2,0,0,0.41332975144267053,0.07788575234931593,0.5087844962080135,0,0,True,197
0,638,0,18,0.0,2,0,0,0.359368272707221,0.3723245499825282,0.2683071773102507,0,0,True,197
0,639,2,20,0.0,2,0,0,0.3491242163908625,0.378278225855095,0.2725975577540424,0,0,True,197
0,640,16,2,0.0,2,0,0,0.366891430548758,0.3679522152409527,0.2651563542102894,0,0,True,197
0,641,1,5,0.09523809523809523,6,0,0,0.3165734144140244,0.2737992930981174,0.4096272924878581,0,0,True,197
0,642,14,20,0.2619047619047619,2,0,0,0.4158531088941706,0.07225629100562546,0.5118906001002039,0,0,True,197
0,643,0,0,0.2619047619047619,2,0,0,0.43057972385662646,0.08113624925832504,0.4882840268850485,0,0,True,197
0,644,2,14,0.2619047619047619,2,0,0,0.42911914076412166,0.07578956889794514,0.49509129033793337,0,0,True,197
0,645,19,11,0.0,2,0,0,0.3612439768044141,0.36904843046191477,0.2697075927336712,0,0,True,197
0,629,4,2,0.09523809523809523,6,0,0,0.31982029847420224,0.2663511329167136,0.4138285686090841,0,0,True,198
0,634,7,1,0.2619047619047619,2,0,0,0.41332975144267053,0.07788575234931593,0.5087844962080135,0,0,True,198
0,638,0,18,0.0,2,0,0,0.359368272707221,0.3723245499825282,0.2683071773102507,0,0,True,198
0,639,2,20,0.0,2,0,0,0.3491242163908625,0.378278225855095,0.2725975577540424,0,0,True,198
0,640,16,2,0.0,2,0,0,0.366891430548758,0.3679522152409527,0.2651563542102894,0,0,True,198
0,641,1,5,0.09523809523809523,6,0,0,0.3165734144140244,0.2737992930981174,0.4096272924878581,0,0,True,198
0,642,14,20,0.2619047619047619,2,0,0,0.4158531088941706,0.07225629100562546,0.5118906001002039,0,0,True,198
0,643,0,0,0.2619047619047619,2,0,0,0.43057972385662646,0.08113624925832504,0.4882840268850485,0,0,True,198
0,644,2,14,0.2619047619047619,2,0,0,0.42911914076412166,0.07578956889794514,0.49509129033793337,0,0,True,198
0,645,19,11,0.0,2,0,0,0.3612439768044141,0.36904843046191477,0.2697075927336712,0,0,True,198
0,629,4,2,0.09523809523809523,6,0,0,0.31982029847420224,0.2663511329167136,0.4138285686090841,0,0,True,199
0,634,7,1,0.2619047619047619,2,0,0,0.41332975144267053,0.07788575234931593,0.5087844962080135,0,0,True,199
0,638,0,18,0.0,2,0,0,0.359368272707221,0.3723245499825282,0.2683071773102507,0,0,True,199
0,639,2,20,0.0,2,0,0,0.3491242163908625,0.378278225855095,0.2725975577540424,0,0,True,199
0,640,16,2,0.0,2,0,0,0.366891430548758,0.3679522152409527,0.2651563542102894,0,0,True,199
0,641,1,5,0.09523809523809523,6,0,0,0.3165734144140244,0.2737992930981174,0.4096272924878581,0,0,True,199
0,642,14,20,0.2619047619047619,2,0,0,0.4158531088941706,0.07225629100562546,0.5118906001002039,0,0,True,199
0,643,0,0,0.2619047619047619,2,0,0,0.43057972385662646,0.08113624925832504,0.4882840268850485,0,0,True,199
0,644,2,14,0.2619047619047619,2,0,0,0.42911914076412166,0.07578956889794514,0.49509129033793337,0,0,True,199
0,645,19,11,0.0,2,0,0,0.3612439768044141,0.36904843046191477,0.2697075927336712,0,0,True,199
0,629,4,2,0.09523809523809523,6,0,0,0.31982029847420224,0.2663511329167136,0.4138285686090841,0,0,True,200
0,634,7,1,0.2619047619047619,2,0,0,0.41332975144267053,0.07788575234931593,0.5087844962080135,0,0,True,200
0,638,0,18,0.0,2,0,0,0.359368272707221,0.3723245499825282,0.2683071773102507,0,0,True,200
0,639,2,20,0.0,2,0,0,0.3491242163908625,0.378278225855095,0.2725975577540424,0,0,True,200
0,640,16,2,0.0,2,0,0,0.366891430548758,0.3679522152409527,0.2651563542102894,0,0,True,200
0,641,1,5,0.09523809523809523,6,0,0,0.3165734144140244,0.2737992930981174,0.4096272924878581,0,0,True,200
0,642,14,20,0.2619047619047619,2,0,0,0.4158531088941706,0.07225629100562546,0.5118906001002039,0,0,True,200
0,643,0,0,0.2619047619047619,2,0,0,0.43057972385662646,0.08113624925832504,0.4882840268850485,0,0,True,200
0,644,2,14,0.2619047619047619,2,0,0,0.42911914076412166,0.07578956889794514,0.49509129033793337,0,0,True,200
0,645,19,11,0.0,2,0,0,0.3612439768044141,0.36904843046191477,0.2697075927336712,0,0,True,200
0,629,4,2,0.09523809523809523,6,0,0,0.31982029847420224,0.2663511329167136,0.4138285686090841,0,0,True,201
0,634,7,1,0.2619047619047619,2,0,0,0.41332975144267053,0.07788575234931593,0.5087844962080135,0,0,True,201
0,638,0,18,0.0,2,0,0,0.359368272707221,0.3723245499825282,0.2683071773102507,0,0,True,201
0,639,2,20,0.0,2,0,0,0.3491242163908625,0.378278225855095,0.2725975577540424,0,0,True,201
0,640,16,2,0.0,2,0,0,0.366891430548758,0.3679522152409527,0.2651563542102894,0,0,True,201
0,641,1,5,0.09523809523809523,6,0,0,0.3165734144140244,0.2737992930981174,0.4096272924878581,0,0,True,201
0,642,14,20,0.2619047619047619,2,0,0,0.4158531088941706,0.07225629100562546,0.5118906001002039,0,0,True,201
0,643,0,0,0.2619047619047619,2,0,0,0.43057972385662646,0.08113624925832504,0.4882840268850485,0,0,True,201
0,644,2,14,0.2619047619047619,2,0,0,0.42911914076412166,0.07578956889794514,0.49509129033793337,0,0,True,201
0,645,19,11,0.0,2,0,0,0.3612439768044141,0.36904843046191477,0.2697075927336712,0,0,True,201
0,629,4,2,0.09523809523809523,6,0,0,0.31982029847420224,0.2663511329167136,0.4138285686090841,0,0,True,202
0,634,7,1,0.2619047619047619,2,0,0,0.41332975144267053,0.07788575234931593,0.5087844962080135,0,0,True,202
0,638,0,18,0.0,2,0,0,0.359368272707221,0.3723245499825282,0.2683071773102507,0,0,True,202
0,639,2,20,0.0,2,0,0,0.3491242163908625,0.378278225855095,0.2725975577540424,0,0,True,202
0,640,16,2,0.0,2,0,0,0.366891430548758,0.3679522152409527,0.2651563542102894,0,0,True,202
0,641,1,5,0.09523809523809523,6,0,0,0.3165734144140244,0.2737992930981174,0.4096272924878581,0,0,True,202
0,642,14,20,0.2619047619047619,2,0,0,0.4158531088941706,0.07225629100562546,0.5118906001002039,0,0,True,202
0,643,0,0,0.2619047619047619,2,0,0,0.43057972385662646,0.08113624925832504,0.4882840268850485,0,0,True,202
0,644,2,14,0.2619047619047619,2,0,0,0.42911914076412166,0.07578956889794514,0.49509129033793337,0,0,True,202
0,645,19,11,0.0,2,0,0,0.3612439768044141,0.36904843046191477,0.2697075927336712,0,0,True,202
0,629,4,2,0.09523809523809523,6,0,0,0.31982029847420224,0.2663511329167136,0.4138285686090841,0,0,True,203
0,634,7,1,0.2619047619047619,2,0,0,0.41332975144267053,0.07788575234931593,0.5087844962080135,0,0,True,203
0,638,0,18,0.0,2,0,0,0.359368272707221,0.3723245499825282,0.2683071773102507,0,0,True,203
0,639,2,20,0.0,2,0,0,0.3491242163908625,0.378278225855095,0.2725975577540424,0,0,True,203
0,640,16,2,0.0,2,0,0,0.366891430548758,0.3679522152409527,0.2651563542102894,0,0,True,203
0,641,1,5,0.09523809523809523,6,0,0,0.3165734144140244,0.2737992930981174,0.4096272924878581,0,0,True,203
0,642,14,20,0.2619047619047619,2,0,0,0.4158531088941706,0.07225629100562546,0.5118906001002039,0,0,True,203
0,643,0,0,0.2619047619047619,2,0,0,0.43057972385662646,0.08113624925832504,0.4882840268850485,0,0,True,203
0,644,2,14,0.2619047619047619,2,0,0,0.42911914076412166,0.07578956889794514,0.49509129033793337,0,0,True,203
0,645,19,11,0.0,2,0,0,0.3612439768044141,0.36904843046191477,0.2697075927336712,0,0,True,203
0,629,4,2,0.09523809523809523,6,0,0,0.31982029847420224,0.2663511329167136,0.4138285686090841,0,0,True,204
0,634,7,1,0.2619047619047619,2,0,0,0.41332975144267053,0.07788575234931593,0.5087844962080135,0,0,True,204
0,638,0,18,0.0,2,0,0,0.359368272707221,0.3723245499825282,0.2683071773102507,0,0,True,204
0,639,2,20,0.0,2,0,0,0.3491242163908625,0.378278225855095,0.2725975577540424,0,0,True,204
0,640,16,2,0.0,2,0,0,0.366891430548758,0.3679522152409527,0.2651563542102894,0,0,True,204
0,641,1,5,0.09523809523809523,6,0,0,0.3165734144140244,0.2737992930981174,0.4096272924878581,0,0,True,204
0,642,14,20,0.2619047619047619,2,0,0,0.4158531088941706,0.07225629100562546,0.5118906001002039,0,0,True,204
0,643,0,0,0.2619047619047619,2,0,0,0.43057972385662646,0.08113624925832504,0.4882840268850485,0,0,True,204
0,644,2,14,0.2619047619047619,2,0,0,0.42911914076412166,0.07578956889794514,0.49509129033793337,0,0,True,204
0,645,19,11,0.0,2,0,0,0.3612439768044141,0.36904843046191477,0.2697075927336712,0,0,True,204
0,629,4,2,0.09523809523809523,6,0,0,0.31982029847420224,0.2663511329167136,0.4138285686090841,0,0,True,205
0,634,7,1,0.2619047619047619,2,0,0,0.41332975144267053,0.07788575234931593,0.5087844962080135,0,0,True,205
0,638,0,18,0.0,2,0,0,0.359368272707221,0.3723245499825282,0.2683071773102507,0,0,True,205
0,639,2,20,0.0,2,0,0,0.3491242163908625,0.378278225855095,0.2725975577540424,0,0,True,205
0,640,16,2,0.0,2,0,0,0.366891430548758,0.3679522152409527,0.2651563542102894,0,0,True,205
0,641,1,5,0.09523809523809523,6,0,0,0.3165734144140244,0.2737992930981174,0.4096272924878581,0,0,True,205
0,642,14,20,0.2619047619047619,2,0,0,0.4158531088941706,0.07225629100562546,0.5118906001002039,0,0,True,205
0,643,0,0,0.2619047619047619,2,0,0,0.43057972385662646,0.08113624925832504,0.4882840268850485,0,0,True,205
0,644,2,14,0.2619047619047619,2,0,0,0.42911914076412166,0.07578956889794514,0.49509129033793337,0,0,True,205
0,645,19,11,0.0,2,0,0,0.3612439768044141,0.36904843046191477,0.2697075927336712,0,0,True,205
0,629,4,2,0.09523809523809523,6,0,0,0.31982029847420224,0.2663511329167136,0.4138285686090841,0,0,True,206
0,634,7,1,0.2619047619047619,2,0,0,0.41332975144267053,0.07788575234931593,0.5087844962080135,0,0,True,206
0,638,0,18,0.0,2,0,0,0.359368272707221,0.3723245499825282,0.2683071773102507,0,0,True,206
0,639,2,20,0.0,2,0,0,0.3491242163908625,0.378278225855095,0.2725975577540424,0,0,True,206
0,640,16,2,0.0,2,0,0,0.366891430548758,0.3679522152409527,0.2651563542102894,0,0,True,206
0,641,1,5,0.09523809523809523,6,0,0,0.3165734144140244,0.2737992930981174,0.4096272924878581,0,0,True,206
0,642,14,20,0.2619047619047619,2,0,0,0.4158531088941706,0.07225629100562546,0.5118906001002039,0,0,True,206
0,643,0,0,0.2619047619047619,2,0,0,0.43057972385662646,0.08113624925832504,0.4882840268850485,0,0,True,206
0,644,2,14,0.2619047619047619,2,0,0,0.42911914076412166,0.07578956889794514,0.49509129033793337,0,0,True,206
0,645,19,11,0.0,2,0,0,0.3612439768044141,0.36904843046191477,0.2697075927336712,0,0,True,206
0,629,4,2,0.09523809523809523,6,0,0,0.31982029847420224,0.2663511329167136,0.4138285686090841,0,0,True,207
0,634,7,1,0.2619047619047619,2,0,0,0.41332975144267053,0.07788575234931593,0.5087844962080135,0,0,True,207
0,638,0,18,0.0,2,0,0,0.359368272707221,0.3723245499825282,0.2683071773102507,0,0,True,207
0,639,2,20,0.0,2,0,0,0.3491242163908625,0.378278225855095,0.2725975577540424,0,0,True,207
0,640,16,2,0.0,2,0,0,0.366891430548758,0.3679522152409527,0.2651563542102894,0,0,True,207
0,641,1,5,0.09523809523809523,6,0,0,0.3165734144140244,0.2737992930981174,0.4096272924878581,0,0,True,207
0,642,14,20,0.2619047619047619,2,0,0,0.4158531088941706,0.07225629100562546,0.5118906001002039,0,0,True,207
0,643,0,0,0.2619047619047619,2,0,0,0.43057972385662646,0.08113624925832504,0.4882840268850485,0,0,True,207
0,644,2,14,0.2619047619047619,2,0,0,0.42911914076412166,0.07578956889794514,0.49509129033793337,0,0,True,207
0,645,19,11,0.0,2,0,0,0.3612439768044141,0.36904843046191477,0.2697075927336712,0,0,True,207
0,629,4,2,0.09523809523809523,6,0,0,0.31982029847420224,0.2663511329167136,0.4138285686090841,0,0,True,208
0,634,7,1,0.2619047619047619,2,0,0,0.41332975144267053,0.07788575234931593,0.5087844962080135,0,0,True,208
0,638,0,18,0.0,2,0,0,0.359368272707221,0.3723245499825282,0.2683071773102507,0,0,True,208
0,639,2,20,0.0,2,0,0,0.3491242163908625,0.378278225855095,0.2725975577540424,0,0,True,208
0,640,16,2,0.0,2,0,0,0.366891430548758,0.3679522152409527,0.2651563542102894,0,0,True,208
0,641,1,5,0.09523809523809523,6,0,0,0.3165734144140244,0.2737992930981174,0.4096272924878581,0,0,True,208
0,642,14,20,0.2619047619047619,2,0,0,0.4158531088941706,0.07225629100562546,0.5118906001002039,0,0,True,208
0,643,0,0,0.2619047619047619,2,0,0,0.43057972385662646,0.08113624925832504,0.4882840268850485,0,0,True,208
0,644,2,14,0.2619047619047619,2,0,0,0.42911914076412166,0.07578956889794514,0.49509129033793337,0,0,True,208
0,645,19,11,0.0,2,0,0,0.3612439768044141,0.36904843046191477,0.2697075927336712,0,0,True,208
0,629,4,2,0.09523809523809523,6,0,0,0.31982029847420224,0.2663511329167136,0.4138285686090841,0,0,True,209
0,634,7,1,0.2619047619047619,2,0,0,0.41332975144267053,0.07788575234931593,0.5087844962080135,0,0,True,209
0,638,0,18,0.0,2,0,0,0.359368272707221,0.3723245499825282,0.2683071773102507,0,0,True,209
0,639,2,20,0.0,2,0,0,0.3491242163908625,0.378278225855095,0.2725975577540424,0,0,True,209
0,640,16,2,0.0,2,0,0,0.366891430548758,0.3679522152409527,0.2651563542102894,0,0,True,209
0,641,1,5,0.09523809523809523,6,0,0,0.3165734144140244,0.2737992930981174,0.4096272924878581,0,0,True,209
0,642,14,20,0.2619047619047619,2,0,0,0.4158531088941706,0.07225629100562546,0.5118906001002039,0,0,True,209
0,643,0,0,0.2619047619047619,2,0,0,0.43057972385662646,0.08113624925832504,0.4882840268850485,0,0,True,209
0,644,2,14,0.2619047619047619,2,0,0,0.42911914076412166,0.07578956889794514,0.49509129033793337,0,0,True,209
0,645,19,11,0.0,2,0,0,0.3612439768044141,0.36904843046191477,0.2697075927336712,0,0,True,209
0,629,4,2,0.09523809523809523,6,0,0,0.31982029847420224,0.2663511329167136,0.4138285686090841,0,0,True,210
0,634,7,1,0.2619047619047619,2,0,0,0.41332975144267053,0.07788575234931593,0.5087844962080135,0,0,True,210
0,638,0,18,0.0,2,0,0,0.359368272707221,0.3723245499825282,0.2683071773102507,0,0,True,210
0,639,2,20,0.0,2,0,0,0.3491242163908625,0.378278225855095,0.2725975577540424,0,0,True,210
0,640,16,2,0.0,2,0,0,0.366891430548758,0.3679522152409527,0.2651563542102894,0,0,True,210
0,641,1,5,0.09523809523809523,6,0,0,0.3165734144140244,0.2737992930981174,0.4096272924878581,0,0,True,210
0,642,14,20,0.2619047619047619,2,0,0,0.4158531088941706,0.07225629100562546,0.5118906001002039,0,0,True,210
0,643,0,0,0.2619047619047619,2,0,0,0.43057972385662646,0.08113624925832504,0.4882840268850485,0,0,True,210
0,644,2,14,0.2619047619047619,2,0,0,0.42911914076412166,0.07578956889794514,0.49509129033793337,0,0,True,210
0,645,19,11,0.0,2,0,0,0.3612439768044141,0.36904843046191477,0.2697075927336712,0,0,True,210
0,629,4,2,0.09523809523809523,6,0,0,0.31982029847420224,0.2663511329167136,0.4138285686090841,0,0,True,211
0,634,7,1,0.2619047619047619,2,0,0,0.41332975144267053,0.07788575234931593,0.5087844962080135,0,0,True,211
0,638,0,18,0.0,2,0,0,0.359368272707221,0.3723245499825282,0.2683071773102507,0,0,True,211
0,639,2,20,0.0,2,0,0,0.3491242163908625,0.378278225855095,0.2725975577540424,0,0,True,211
0,640,16,2,0.0,2,0,0,0.366891430548758,0.3679522152409527,0.2651563542102894,0,0,True,211
0,641,1,5,0.09523809523809523,6,0,0,0.3165734144140244,0.2737992930981174,0.4096272924878581,0,0,True,211
0,642,14,20,0.2619047619047619,2,0,0,0.4158531088941706,0.07225629100562546,0.5118906001002039,0,0,True,211
0,643,0,0,0.2619047619047619,2,0,0,0.43057972385662646,0.08113624925832504,0.4882840268850485,0,0,True,211
0,644,2,14,0.2619047619047619,2,0,0,0.42911914076412166,0.07578956889794514,0.49509129033793337,0,0,True,211
0,645,19,11,0.0,2,0,0,0.3612439768044141,0.36904843046191477,0.2697075927336712,0,0,True,211
0,629,4,2,0.09523809523809523,6,0,0,0.31982029847420224,0.2663511329167136,0.4138285686090841,0,0,True,212
0,634,7,1,0.2619047619047619,2,0,0,0.41332975144267053,0.07788575234931593,0.5087844962080135,0,0,True,212
0,638,0,18,0.0,2,0,0,0.359368272707221,0.3723245499825282,0.2683071773102507,0,0,True,212
0,639,2,20,0.0,2,0,0,0.3491242163908625,0.378278225855095,0.2725975577540424,0,0,True,212
0,640,16,2,0.0,2,0,0,0.366891430548758,0.3679522152409527,0.2651563542102894,0,0,True,212
0,641,1,5,0.09523809523809523,6,0,0,0.3165734144140244,0.2737992930981174,0.4096272924878581,0,0,True,212
0,642,14,20,0.2619047619047619,2,0,0,0.4158531088941706,0.07225629100562546,0.5118906001002039,0,0,True,212
0,643,0,0,0.2619047619047619,2,0,0,0.43057972385662646,0.08113624925832504,0.4882840268850485,0,0,True,212
0,644,2,14,0.2619047619047619,2,0,0,0.42911914076412166,0.07578956889794514,0.49509129033793337,0,0,True,212
0,645,19,11,0.0,2,0,0,0.3612439768044141,0.36904843046191477,0.2697075927336712,0,0,True,212
0,629,4,2,0.09523809523809523,6,0,0,0.31982029847420224,0.2663511329167136,0.4138285686090841,0,0,True,213
0,634,7,1,0.2619047619047619,2,0,0,0.41332975144267053,0.07788575234931593,0.5087844962080135,0,0,True,213
0,638,0,18,0.0,2,0,0,0.359368272707221,0.3723245499825282,0.2683071773102507,0,0,True,213
0,639,2,20,0.0,2,0,0,0.3491242163908625,0.378278225855095,0.2725975577540424,0,0,True,213
0,640,16,2,0.0,2,0,0,0.366891430548758,0.3679522152409527,0.2651563542102894,0,0,True,213
0,641,1,5,0.09523809523809523,6,0,0,0.3165734144140244,0.2737992930981174,0.4096272924878581,0,0,True,213
0,642,14,20,0.2619047619047619,2,0,0,0.4158531088941706,0.07225629100562546,0.5118906001002039,0,0,True,213
0,643,0,0,0.2619047619047619,2,0,0,0.43057972385662646,0.08113624925832504,0.4882840268850485,0,0,True,213
0,644,2,14,0.2619047619047619,2,0,0,0.42911914076412166,0.07578956889794514,0.49509129033793337,0,0,True,213
0,645,19,11,0.0,2,0,0,0.3612439768044141,0.36904843046191477,0.2697075927336712,0,0,True,213
0,629,4,2,0.09523809523809523,6,0,0,0.31982029847420224,0.2663511329167136,0.4138285686090841,0,0,True,214
0,634,7,1,0.2619047619047619,2,0,0,0.41332975144267053,0.07788575234931593,0.5087844962080135,0,0,True,214
0,638,0,18,0.0,2,0,0,0.359368272707221,0.3723245499825282,0.2683071773102507,0,0,True,214
0,639,2,20,0.0,2,0,0,0.3491242163908625,0.378278225855095,0.2725975577540424,0,0,True,214
0,640,16,2,0.0,2,0,0,0.366891430548758,0.3679522152409527,0.2651563542102894,0,0,True,214
0,641,1,5,0.09523809523809523,6,0,0,0.3165734144140244,0.2737992930981174,0.4096272924878581,0,0,True,214
0,642,14,20,0.2619047619047619,2,0,0,0.4158531088941706,0.07225629100562546,0.5118906001002039,0,0,True,214
0,643,0,0,0.2619047619047619,2,0,0,0.43057972385662646,0.08113624925832504,0.4882840268850485,0,0,True,214
0,644,2,14,0.2619047619047619,2,0,0,0.42911914076412166,0.07578956889794514,0.49509129033793337,0,0,True,214
0,645,19,11,0.0,2,0,0,0.3612439768044141,0.36904843046191477,0.2697075927336712,0,0,True,214
0,629,4,2,0.09523809523809523,6,0,0,0.31982029847420224,0.2663511329167136,0.4138285686090841,0,0,True,215
0,634,7,1,0.2619047619047619,2,0,0,0.41332975144267053,0.07788575234931593,0.5087844962080135,0,0,True,215
0,638,0,18,0.0,2,0,0,0.359368272707221,0.3723245499825282,0.2683071773102507,0,0,True,215
0,639,2,20,0.0,2,0,0,0.3491242163908625,0.378278225855095,0.2725975577540424,0,0,True,215
0,640,16,2,0.0,2,0,0,0.366891430548758,0.3679522152409527,0.2651563542102894,0,0,True,215
0,641,1,5,0.09523809523809523,6,0,0,0.3165734144140244,0.2737992930981174,0.4096272924878581,0,0,True,215
0,642,14,20,0.2619047619047619,2,0,0,0.4158531088941706,0.07225629100562546,0.5118906001002039,0,0,True,215
0,643,0,0,0.2619047619047619,2,0,0,0.43057972385662646,0.08113624925832504,0.4882840268850485,0,0,True,215
0,644,2,14,0.2619047619047619,2,0,0,0.42911914076412166,0.07578956889794514,0.49509129033793337,0,0,True,215
0,645,19,11,0.0,2,0,0,0.3612439768044141,0.36904843046191477,0.2697075927336712,0,0,True,215
0,629,4,2,0.09523809523809523,6,0,0,0.31982029847420224,0.2663511329167136,0.4138285686090841,0,0,True,216
0,634,7,1,0.2619047619047619,2,0,0,0.41332975144267053,0.07788575234931593,0.5087844962080135,0,0,True,216
0,638,0,18,0.0,2,0,0,0.359368272707221,0.3723245499825282,0.2683071773102507,0,0,True,216
0,639,2,20,0.0,2,0,0,0.3491242163908625,0.378278225855095,0.2725975577540424,0,0,True,216
0,640,16,2,0.0,2,0,0,0.366891430548758,0.3679522152409527,0.2651563542102894,0,0,True,216
0,641,1,5,0.09523809523809523,6,0,0,0.3165734144140244,0.2737992930981174,0.4096272924878581,0,0,True,216
0,642,14,20,0.2619047619047619,2,0,0,0.4158531088941706,0.07225629100562546,0.5118906001002039,0,0,True,216
0,643,0,0,0.2619047619047619,2,0,0,0.43057972385662646,0.08113624925832504,0.4882840268850485,0,0,True,216
0,644,2,14,0.2619047619047619,2,0,0,0.42911914076412166,0.07578956889794514,0.49509129033793337,0,0,True,216
0,645,19,11,0.0,2,0,0,0.3612439768044141,0.36904843046191477,0.2697075927336712,0,0,True,216
0,629,4,2,0.09523809523809523,6,0,0,0.31982029847420224,0.2663511329167136,0.4138285686090841,0,0,True,217
0,634,7,1,0.2619047619047619,2,0,0,0.41332975144267053,0.07788575234931593,0.5087844962080135,0,0,True,217
0,638,0,18,0.0,2,0,0,0.359368272707221,0.3723245499825282,0.2683071773102507,0,0,True,217
0,639,2,20,0.0,2,0,0,0.3491242163908625,0.378278225855095,0.2725975577540424,0,0,True,217
0,640,16,2,0.0,2,0,0,0.366891430548758,0.3679522152409527,0.2651563542102894,0,0,True,217
0,641,1,5,0.09523809523809523,6,0,0,0.3165734144140244,0.2737992930981174,0.4096272924878581,0,0,True,217
0,642,14,20,0.2619047619047619,2,0,0,0.4158531088941706,0.07225629100562546,0.5118906001002039,0,0,True,217
0,643,0,0,0.2619047619047619,2,0,0,0.43057972385662646,0.08113624925832504,0.4882840268850485,0,0,True,217
0,644,2,14,0.2619047619047619,2,0,0,0.42911914076412166,0.07578956889794514,0.49509129033793337,0,0,True,217
0,645,19,11,0.0,2,0,0,0.3612439768044141,0.36904843046191477,0.2697075927336712,0,0,True,217
0,629,4,2,0.09523809523809523,6,0,0,0.31982029847420224,0.2663511329167136,0.4138285686090841,0,0,True,218
0,634,7,1,0.2619047619047619,2,0,0,0.41332975144267053,0.07788575234931593,0.5087844962080135,0,0,True,218
0,638,0,18,0.0,2,0,0,0.359368272707221,0.3723245499825282,0.2683071773102507,0,0,True,218
0,639,2,20,0.0,2,0,0,0.3491242163908625,0.378278225855095,0.2725975577540424,0,0,True,218
0,640,16,2,0.0,2,0,0,0.366891430548758,0.3679522152409527,0.2651563542102894,0,0,True,218
0,641,1,5,0.09523809523809523,6,0,0,0.3165734144140244,0.2737992930981174,0.4096272924878581,0,0,True,218
0,642,14,20,0.2619047619047619,2,0,0,0.4158531088941706,0.07225629100562546,0.5118906001002039,0,0,True,218
0,643,0,0,0.2619047619047619,2,0,0,0.43057972385662646,0.08113624925832504,0.4882840268850485,0,0,True,218
0,644,2,14,0.2619047619047619,2,0,0,0.42911914076412166,0.07578956889794514,0.49509129033793337,0,0,True,218
0,645,19,11,0.0,2,0,0,0.3612439768044141,0.36904843046191477,0.2697075927336712,0,0,True,218
0,629,4,2,0.09523809523809523,6,0,0,0.31982029847420224,0.2663511329167136,0.4138285686090841,0,0,True,219
0,634,7,1,0.2619047619047619,2,0,0,0.41332975144267053,0.07788575234931593,0.5087844962080135,0,0,True,219
0,638,0,18,0.0,2,0,0,0.359368272707221,0.3723245499825282,0.2683071773102507,0,0,True,219
0,639,2,20,0.0,2,0,0,0.3491242163908625,0.378278225855095,0.2725975577540424,0,0,True,219
0,640,16,2,0.0,2,0,0,0.366891430548758,0.3679522152409527,0.2651563542102894,0,0,True,219
0,641,1,5,0.09523809523809523,6,0,0,0.3165734144140244,0.2737992930981174,0.4096272924878581,0,0,True,219
0,642,14,20,0.2619047619047619,2,0,0,0.4158531088941706,0.07225629100562546,0.5118906001002039,0,0,True,219
0,643,0,0,0.2619047619047619,2,0,0,0.43057972385662646,0.08113624925832504,0.4882840268850485,0,0,True,219
0,644,2,14,0.2619047619047619,2,0,0,0.42911914076412166,0.07578956889794514,0.49509129033793337,0,0,True,219
0,645,19,11,0.0,2,0,0,0.3612439768044141,0.36904843046191477,0.2697075927336712,0,0,True,219
0,629,4,2,0.09523809523809523,6,0,0,0.31982029847420224,0.2663511329167136,0.4138285686090841,0,0,True,220
0,634,7,1,0.2619047619047619,2,0,0,0.41332975144267053,0.07788575234931593,0.5087844962080135,0,0,True,220
0,638,0,18,0.0,2,0,0,0.359368272707221,0.3723245499825282,0.2683071773102507,0,0,True,220
0,639,2,20,0.0,2,0,0,0.3491242163908625,0.378278225855095,0.2725975577540424,0,0,True,220
0,640,16,2,0.0,2,0,0,0.366891430548758,0.3679522152409527,0.2651563542102894,0,0,True,220
0,641,1,5,0.09523809523809523,6,0,0,0.3165734144140244,0.2737992930981174,0.4096272924878581,0,0,True,220
0,642,14,20,0.2619047619047619,2,0,0,0.4158531088941706,0.07225629100562546,0.5118906001002039,0,0,True,220
0,643,0,0,0.2619047619047619,2,0,0,0.43057972385662646,0.08113624925832504,0.4882840268850485,0,0,True,220
0,644,2,14,0.2619047619047619,2,0,0,0.42911914076412166,0.07578956889794514,0.49509129033793337,0,0,True,220
0,645,19,11,0.0,2,0,0,0.3612439768044141,0.36904843046191477,0.2697075927336712,0,0,True,220
0,629,4,2,0.09523809523809523,6,0,0,0.31982029847420224,0.2663511329167136,0.4138285686090841,0,0,True,221
0,634,7,1,0.2619047619047619,2,0,0,0.41332975144267053,0.07788575234931593,0.5087844962080135,0,0,True,221
0,638,0,18,0.0,2,0,0,0.359368272707221,0.3723245499825282,0.2683071773102507,0,0,True,221
0,639,2,20,0.0,2,0,0,0.3491242163908625,0.378278225855095,0.2725975577540424,0,0,True,221
0,640,16,2,0.0,2,0,0,0.366891430548758,0.3679522152409527,0.2651563542102894,0,0,True,221
0,641,1,5,0.09523809523809523,6,0,0,0.3165734144140244,0.2737992930981174,0.4096272924878581,0,0,True,221
0,642,14,20,0.2619047619047619,2,0,0,0.4158531088941706,0.07225629100562546,0.5118906001002039,0,0,True,221
0,643,0,0,0.2619047619047619,2,0,0,0.43057972385662646,0.08113624925832504,0.4882840268850485,0,0,True,221
0,644,2,14,0.2619047619047619,2,0,0,0.42911914076412166,0.07578956889794514,0.49509129033793337,0,0,True,221
0,645,19,11,0.0,2,0,0,0.3612439768044141,0.36904843046191477,0.2697075927336712,0,0,True,221
0,629,4,2,0.09523809523809523,6,0,0,0.31982029847420224,0.2663511329167136,0.4138285686090841,0,0,True,222
0,634,7,1,0.2619047619047619,2,0,0,0.41332975144267053,0.07788575234931593,0.5087844962080135,0,0,True,222
0,638,0,18,0.0,2,0,0,0.359368272707221,0.3723245499825282,0.2683071773102507,0,0,True,222
0,639,2,20,0.0,2,0,0,0.3491242163908625,0.378278225855095,0.2725975577540424,0,0,True,222
0,640,16,2,0.0,2,0,0,0.366891430548758,0.3679522152409527,0.2651563542102894,0,0,True,222
0,641,1,5,0.09523809523809523,6,0,0,0.3165734144140244,0.2737992930981174,0.4096272924878581,0,0,True,222
0,642,14,20,0.2619047619047619,2,0,0,0.4158531088941706,0.07225629100562546,0.5118906001002039,0,0,True,222
0,643,0,0,0.2619047619047619,2,0,0,0.43057972385662646,0.08113624925832504,0.4882840268850485,0,0,True,222
0,644,2,14,0.2619047619047619,2,0,0,0.42911914076412166,0.07578956889794514,0.49509129033793337,0,0,True,222
0,645,19,11,0.0,2,0,0,0.3612439768044141,0.36904843046191477,0.2697075927336712,0,0,True,222
0,629,4,2,0.09523809523809523,6,0,0,0.31982029847420224,0.2663511329167136,0.4138285686090841,0,0,True,223
0,634,7,1,0.2619047619047619,2,0,0,0.41332975144267053,0.07788575234931593,0.5087844962080135,0,0,True,223
0,638,0,18,0.0,2,0,0,0.359368272707221,0.3723245499825282,0.2683071773102507,0,0,True,223
0,639,2,20,0.0,2,0,0,0.3491242163908625,0.378278225855095,0.2725975577540424,0,0,True,223
0,640,16,2,0.0,2,0,0,0.366891430548758,0.3679522152409527,0.2651563542102894,0,0,True,223
0,641,1,5,0.09523809523809523,6,0,0,0.3165734144140244,0.2737992930981174,0.4096272924878581,0,0,True,223
0,642,14,20,0.2619047619047619,2,0,0,0.4158531088941706,0.07225629100562546,0.5118906001002039,0,0,True,223
0,643,0,0,0.2619047619047619,2,0,0,0.43057972385662646,0.08113624925832504,0.4882840268850485,0,0,True,223
0,644,2,14,0.2619047619047619,2,0,0,0.42911914076412166,0.07578956889794514,0.49509129033793337,0,0,True,223
0,645,19,11,0.0,2,0,0,0.3612439768044141,0.36904843046191477,0.2697075927336712,0,0,True,223
0,629,4,2,0.09523809523809523,6,0,0,0.31982029847420224,0.2663511329167136,0.4138285686090841,0,0,True,224
0,634,7,1,0.2619047619047619,2,0,0,0.41332975144267053,0.07788575234931593,0.5087844962080135,0,0,True,224
0,638,0,18,0.0,2,0,0,0.359368272707221,0.3723245499825282,0.2683071773102507,0,0,True,224
0,639,2,20,0.0,2,0,0,0.3491242163908625,0.378278225855095,0.2725975577540424,0,0,True,224
0,640,16,2,0.0,2,0,0,0.366891430548758,0.3679522152409527,0.2651563542102894,0,0,True,224
0,641,1,5,0.09523809523809523,6,0,0,0.3165734144140244,0.2737992930981174,0.4096272924878581,0,0,True,224
0,642,14,20,0.2619047619047619,2,0,0,0.4158531088941706,0.07225629100562546,0.5118906001002039,0,0,True,224
0,643,0,0,0.2619047619047619,2,0,0,0.43057972385662646,0.08113624925832504,0.4882840268850485,0,0,True,224
0,644,2,14,0.2619047619047619,2,0,0,0.42911914076412166,0.07578956889794514,0.49509129033793337,0,0,True,224
0,645,19,11,0.0,2,0,0,0.3612439768044141,0.36904843046191477,0.2697075927336712,0,0,True,224
0,629,4,2,0.09523809523809523,6,0,0,0.31982029847420224,0.2663511329167136,0.4138285686090841,0,0,True,225
0,634,7,1,0.2619047619047619,2,0,0,0.41332975144267053,0.07788575234931593,0.5087844962080135,0,0,True,225
0,638,0,18,0.0,2,0,0,0.359368272707221,0.3723245499825282,0.2683071773102507,0,0,True,225
0,639,2,20,0.0,2,0,0,0.3491242163908625,0.378278225855095,0.2725975577540424,0,0,True,225
0,640,16,2,0.0,2,0,0,0.366891430548758,0.3679522152409527,0.2651563542102894,0,0,True,225
0,641,1,5,0.09523809523809523,6,0,0,0.3165734144140244,0.2737992930981174,0.4096272924878581,0,0,True,225
0,642,14,20,0.2619047619047619,2,0,0,0.4158531088941706,0.07225629100562546,0.5118906001002039,0,0,True,225
0,643,0,0,0.2619047619047619,2,0,0,0.43057972385662646,0.08113624925832504,0.4882840268850485,0,0,True,225
0,644,2,14,0.2619047619047619,2,0,0,0.42911914076412166,0.07578956889794514,0.49509129033793337,0,0,True,225
0,645,19,11,0.0,2,0,0,0.3612439768044141,0.36904843046191477,0.2697075927336712,0,0,True,225
0,629,4,2,0.09523809523809523,6,0,0,0.31982029847420224,0.2663511329167136,0.4138285686090841,0,0,True,226
0,634,7,1,0.2619047619047619,2,0,0,0.41332975144267053,0.07788575234931593,0.5087844962080135,0,0,True,226
0,638,0,18,0.0,2,0,0,0.359368272707221,0.3723245499825282,0.2683071773102507,0,0,True,226
0,639,2,20,0.0,2,0,0,0.3491242163908625,0.378278225855095,0.2725975577540424,0,0,True,226
0,640,16,2,0.0,2,0,0,0.366891430548758,0.3679522152409527,0.2651563542102894,0,0,True,226
0,641,1,5,0.09523809523809523,6,0,0,0.3165734144140244,0.2737992930981174,0.4096272924878581,0,0,True,226
0,642,14,20,0.2619047619047619,2,0,0,0.4158531088941706,0.07225629100562546,0.5118906001002039,0,0,True,226
0,643,0,0,0.2619047619047619,2,0,0,0.43057972385662646,0.08113624925832504,0.4882840268850485,0,0,True,226
0,644,2,14,0.2619047619047619,2,0,0,0.42911914076412166,0.07578956889794514,0.49509129033793337,0,0,True,226
0,645,19,11,0.0,2,0,0,0.3612439768044141,0.36904843046191477,0.2697075927336712,0,0,True,226
0,629,4,2,0.09523809523809523,6,0,0,0.31982029847420224,0.2663511329167136,0.4138285686090841,0,0,True,227
0,634,7,1,0.2619047619047619,2,0,0,0.41332975144267053,0.07788575234931593,0.5087844962080135,0,0,True,227
0,638,0,18,0.0,2,0,0,0.359368272707221,0.3723245499825282,0.2683071773102507,0,0,True,227
0,639,2,20,0.0,2,0,0,0.3491242163908625,0.378278225855095,0.2725975577540424,0,0,True,227
0,640,16,2,0.0,2,0,0,0.366891430548758,0.3679522152409527,0.2651563542102894,0,0,True,227
0,641,1,5,0.09523809523809523,6,0,0,0.3165734144140244,0.2737992930981174,0.4096272924878581,0,0,True,227
0,642,14,20,0.2619047619047619,2,0,0,0.4158531088941706,0.07225629100562546,0.5118906001002039,0,0,True,227
0,643,0,0,0.2619047619047619,2,0,0,0.43057972385662646,0.08113624925832504,0.4882840268850485,0,0,True,227
0,644,2,14,0.2619047619047619,2,0,0,0.42911914076412166,0.07578956889794514,0.49509129033793337,0,0,True,227
0,645,19,11,0.0,2,0,0,0.3612439768044141,0.36904843046191477,0.2697075927336712,0,0,True,227
0,629,4,2,0.09523809523809523,6,0,0,0.31982029847420224,0.2663511329167136,0.4138285686090841,0,0,True,228
0,634,7,1,0.2619047619047619,2,0,0,0.41332975144267053,0.07788575234931593,0.5087844962080135,0,0,True,228
0,638,0,18,0.0,2,0,0,0.359368272707221,0.3723245499825282,0.2683071773102507,0,0,True,228
0,639,2,20,0.0,2,0,0,0.3491242163908625,0.378278225855095,0.2725975577540424,0,0,True,228
0,640,16,2,0.0,2,0,0,0.366891430548758,0.3679522152409527,0.2651563542102894,0,0,True,228
0,641,1,5,0.09523809523809523,6,0,0,0.3165734144140244,0.2737992930981174,0.4096272924878581,0,0,True,228
0,642,14,20,0.2619047619047619,2,0,0,0.4158531088941706,0.07225629100562546,0.5118906001002039,0,0,True,228
0,643,0,0,0.2619047619047619,2,0,0,0.43057972385662646,0.08113624925832504,0.4882840268850485,0,0,True,228
0,644,2,14,0.2619047619047619,2,0,0,0.42911914076412166,0.07578956889794514,0.49509129033793337,0,0,True,228
0,645,19,11,0.0,2,0,0,0.3612439768044141,0.36904843046191477,0.2697075927336712,0,0,True,228
0,629,4,2,0.09523809523809523,6,0,0,0.31982029847420224,0.2663511329167136,0.4138285686090841,0,0,True,229
0,634,7,1,0.2619047619047619,2,0,0,0.41332975144267053,0.07788575234931593,0.5087844962080135,0,0,True,229
0,638,0,18,0.0,2,0,0,0.359368272707221,0.3723245499825282,0.2683071773102507,0,0,True,229
0,639,2,20,0.0,2,0,0,0.3491242163908625,0.378278225855095,0.2725975577540424,0,0,True,229
0,640,16,2,0.0,2,0,0,0.366891430548758,0.3679522152409527,0.2651563542102894,0,0,True,229
0,641,1,5,0.09523809523809523,6,0,0,0.3165734144140244,0.2737992930981174,0.4096272924878581,0,0,True,229
0,642,14,20,0.2619047619047619,2,0,0,0.4158531088941706,0.07225629100562546,0.5118906001002039,0,0,True,229
0,643,0,0,0.2619047619047619,2,0,0,0.43057972385662646,0.08113624925832504,0.4882840268850485,0,0,True,229
0,644,2,14,0.2619047619047619,2,0,0,0.42911914076412166,0.07578956889794514,0.49509129033793337,0,0,True,229
0,645,19,11,0.0,2,0,0,0.3612439768044141,0.36904843046191477,0.2697075927336712,0,0,True,229
0,629,4,2,0.09523809523809523,6,0,0,0.31982029847420224,0.2663511329167136,0.4138285686090841,0,0,True,230
0,634,7,1,0.2619047619047619,2,0,0,0.41332975144267053,0.07788575234931593,0.5087844962080135,0,0,True,230
0,638,0,18,0.0,2,0,0,0.359368272707221,0.3723245499825282,0.2683071773102507,0,0,True,230
0,639,2,20,0.0,2,0,0,0.3491242163908625,0.378278225855095,0.2725975577540424,0,0,True,230
0,640,16,2,0.0,2,0,0,0.366891430548758,0.3679522152409527,0.2651563542102894,0,0,True,230
0,641,1,5,0.09523809523809523,6,0,0,0.3165734144140244,0.2737992930981174,0.4096272924878581,0,0,True,230
0,642,14,20,0.2619047619047619,2,0,0,0.4158531088941706,0.07225629100562546,0.5118906001002039,0,0,True,230
0,643,0,0,0.2619047619047619,2,0,0,0.43057972385662646,0.08113624925832504,0.4882840268850485,0,0,True,230
0,644,2,14,0.2619047619047619,2,0,0,0.42911914076412166,0.07578956889794514,0.49509129033793337,0,0,True,230
0,645,19,11,0.0,2,0,0,0.3612439768044141,0.36904843046191477,0.2697075927336712,0,0,True,230
0,629,4,2,0.09523809523809523,6,0,0,0.31982029847420224,0.2663511329167136,0.4138285686090841,0,0,True,231
0,634,7,1,0.2619047619047619,2,0,0,0.41332975144267053,0.07788575234931593,0.5087844962080135,0,0,True,231
0,638,0,18,0.0,2,0,0,0.359368272707221,0.3723245499825282,0.2683071773102507,0,0,True,231
0,639,2,20,0.0,2,0,0,0.3491242163908625,0.378278225855095,0.2725975577540424,0,0,True,231
0,640,16,2,0.0,2,0,0,0.366891430548758,0.3679522152409527,0.2651563542102894,0,0,True,231
0,641,1,5,0.09523809523809523,6,0,0,0.3165734144140244,0.2737992930981174,0.4096272924878581,0,0,True,231
0,642,14,20,0.2619047619047619,2,0,0,0.4158531088941706,0.07225629100562546,0.5118906001002039,0,0,True,231
0,643,0,0,0.2619047619047619,2,0,0,0.43057972385662646,0.08113624925832504,0.4882840268850485,0,0,True,231
0,644,2,14,0.2619047619047619,2,0,0,0.42911914076412166,0.07578956889794514,0.49509129033793337,0,0,True,231
0,645,19,11,0.0,2,0,0,0.3612439768044141,0.36904843046191477,0.2697075927336712,0,0,True,231
0,629,4,2,0.09523809523809523,6,0,0,0.31982029847420224,0.2663511329167136,0.4138285686090841,0,0,True,232
0,634,7,1,0.2619047619047619,2,0,0,0.41332975144267053,0.07788575234931593,0.5087844962080135,0,0,True,232
0,638,0,18,0.0,2,0,0,0.359368272707221,0.3723245499825282,0.2683071773102507,0,0,True,232
0,639,2,20,0.0,2,0,0,0.3491242163908625,0.378278225855095,0.2725975577540424,0,0,True,232
0,640,16,2,0.0,2,0,0,0.366891430548758,0.3679522152409527,0.2651563542102894,0,0,True,232
0,641,1,5,0.09523809523809523,6,0,0,0.3165734144140244,0.2737992930981174,0.4096272924878581,0,0,True,232
0,642,14,20,0.2619047619047619,2,0,0,0.4158531088941706,0.07225629100562546,0.5118906001002039,0,0,True,232
0,643,0,0,0.2619047619047619,2,0,0,0.43057972385662646,0.08113624925832504,0.4882840268850485,0,0,True,232
0,644,2,14,0.2619047619047619,2,0,0,0.42911914076412166,0.07578956889794514,0.49509129033793337,0,0,True,232
0,645,19,11,0.0,2,0,0,0.3612439768044141,0.36904843046191477,0.2697075927336712,0,0,True,232
0,629,4,2,0.09523809523809523,6,0,0,0.31982029847420224,0.2663511329167136,0.4138285686090841,0,0,True,233
0,634,7,1,0.2619047619047619,2,0,0,0.41332975144267053,0.07788575234931593,0.5087844962080135,0,0,True,233
0,638,0,18,0.0,2,0,0,0.359368272707221,0.3723245499825282,0.2683071773102507,0,0,True,233
0,639,2,20,0.0,2,0,0,0.3491242163908625,0.378278225855095,0.2725975577540424,0,0,True,233
0,640,16,2,0.0,2,0,0,0.366891430548758,0.3679522152409527,0.2651563542102894,0,0,True,233
0,641,1,5,0.09523809523809523,6,0,0,0.3165734144140244,0.2737992930981174,0.4096272924878581,0,0,True,233
0,642,14,20,0.2619047619047619,2,0,0,0.4158531088941706,0.07225629100562546,0.5118906001002039,0,0,True,233
0,643,0,0,0.2619047619047619,2,0,0,0.43057972385662646,0.08113624925832504,0.4882840268850485,0,0,True,233
0,644,2,14,0.2619047619047619,2,0,0,0.42911914076412166,0.07578956889794514,0.49509129033793337,0,0,True,233
0,645,19,11,0.0,2,0,0,0.3612439768044141,0.36904843046191477,0.2697075927336712,0,0,True,233
0,629,4,2,0.09523809523809523,6,0,0,0.31982029847420224,0.2663511329167136,0.4138285686090841,0,0,True,234
0,634,7,1,0.2619047619047619,2,0,0,0.41332975144267053,0.07788575234931593,0.5087844962080135,0,0,True,234
0,638,0,18,0.0,2,0,0,0.359368272707221,0.3723245499825282,0.2683071773102507,0,0,True,234
0,639,2,20,0.0,2,0,0,0.3491242163908625,0.378278225855095,0.2725975577540424,0,0,True,234
0,640,16,2,0.0,2,0,0,0.366891430548758,0.3679522152409527,0.2651563542102894,0,0,True,234
0,641,1,5,0.09523809523809523,6,0,0,0.3165734144140244,0.2737992930981174,0.4096272924878581,0,0,True,234
0,642,14,20,0.2619047619047619,2,0,0,0.4158531088941706,0.07225629100562546,0.5118906001002039,0,0,True,234
0,643,0,0,0.2619047619047619,2,0,0,0.43057972385662646,0.08113624925832504,0.4882840268850485,0,0,True,234
0,644,2,14,0.2619047619047619,2,0,0,0.42911914076412166,0.07578956889794514,0.49509129033793337,0,0,True,234
0,645,19,11,0.0,2,0,0,0.3612439768044141,0.36904843046191477,0.2697075927336712,0,0,True,234
0,629,4,2,0.09523809523809523,6,0,0,0.31982029847420224,0.2663511329167136,0.4138285686090841,0,0,True,235
0,634,7,1,0.2619047619047619,2,0,0,0.41332975144267053,0.07788575234931593,0.5087844962080135,0,0,True,235
0,638,0,18,0.0,2,0,0,0.359368272707221,0.3723245499825282,0.2683071773102507,0,0,True,235
0,639,2,20,0.0,2,0,0,0.3491242163908625,0.378278225855095,0.2725975577540424,0,0,True,235
0,640,16,2,0.0,2,0,0,0.366891430548758,0.3679522152409527,0.2651563542102894,0,0,True,235
0,641,1,5,0.09523809523809523,6,0,0,0.3165734144140244,0.2737992930981174,0.4096272924878581,0,0,True,235
0,642,14,20,0.2619047619047619,2,0,0,0.4158531088941706,0.07225629100562546,0.5118906001002039,0,0,True,235
0,643,0,0,0.2619047619047619,2,0,0,0.43057972385662646,0.08113624925832504,0.4882840268850485,0,0,True,235
0,644,2,14,0.2619047619047619,2,0,0,0.42911914076412166,0.07578956889794514,0.49509129033793337,0,0,True,235
0,645,19,11,0.0,2,0,0,0.3612439768044141,0.36904843046191477,0.2697075927336712,0,0,True,235
0,629,4,2,0.09523809523809523,6,0,0,0.31982029847420224,0.2663511329167136,0.4138285686090841,0,0,True,236
0,634,7,1,0.2619047619047619,2,0,0,0.41332975144267053,0.07788575234931593,0.5087844962080135,0,0,True,236
0,638,0,18,0.0,2,0,0,0.359368272707221,0.3723245499825282,0.2683071773102507,0,0,True,236
0,639,2,20,0.0,2,0,0,0.3491242163908625,0.378278225855095,0.2725975577540424,0,0,True,236
0,640,16,2,0.0,2,0,0,0.366891430548758,0.3679522152409527,0.2651563542102894,0,0,True,236
0,641,1,5,0.09523809523809523,6,0,0,0.3165734144140244,0.2737992930981174,0.4096272924878581,0,0,True,236
0,642,14,20,0.2619047619047619,2,0,0,0.4158531088941706,0.07225629100562546,0.5118906001002039,0,0,True,236
0,643,0,0,0.2619047619047619,2,0,0,0.43057972385662646,0.08113624925832504,0.4882840268850485,0,0,True,236
0,644,2,14,0.2619047619047619,2,0,0,0.42911914076412166,0.07578956889794514,0.49509129033793337,0,0,True,236
0,645,19,11,0.0,2,0,0,0.3612439768044141,0.36904843046191477,0.2697075927336712,0,0,True,236
0,629,4,2,0.09523809523809523,6,0,0,0.31982029847420224,0.2663511329167136,0.4138285686090841,0,0,True,237
0,634,7,1,0.2619047619047619,2,0,0,0.41332975144267053,0.07788575234931593,0.5087844962080135,0,0,True,237
0,638,0,18,0.0,2,0,0,0.359368272707221,0.3723245499825282,0.2683071773102507,0,0,True,237
0,639,2,20,0.0,2,0,0,0.3491242163908625,0.378278225855095,0.2725975577540424,0,0,True,237
0,640,16,2,0.0,2,0,0,0.366891430548758,0.3679522152409527,0.2651563542102894,0,0,True,237
0,641,1,5,0.09523809523809523,6,0,0,0.3165734144140244,0.2737992930981174,0.4096272924878581,0,0,True,237
0,642,14,20,0.2619047619047619,2,0,0,0.4158531088941706,0.07225629100562546,0.5118906001002039,0,0,True,237
0,643,0,0,0.2619047619047619,2,0,0,0.43057972385662646,0.08113624925832504,0.4882840268850485,0,0,True,237
0,644,2,14,0.2619047619047619,2,0,0,0.42911914076412166,0.07578956889794514,0.49509129033793337,0,0,True,237
0,645,19,11,0.0,2,0,0,0.3612439768044141,0.36904843046191477,0.2697075927336712,0,0,True,237
0,629,4,2,0.09523809523809523,6,0,0,0.31982029847420224,0.2663511329167136,0.4138285686090841,0,0,True,238
0,634,7,1,0.2619047619047619,2,0,0,0.41332975144267053,0.07788575234931593,0.5087844962080135,0,0,True,238
0,638,0,18,0.0,2,0,0,0.359368272707221,0.3723245499825282,0.2683071773102507,0,0,True,238
0,639,2,20,0.0,2,0,0,0.3491242163908625,0.378278225855095,0.2725975577540424,0,0,True,238
0,640,16,2,0.0,2,0,0,0.366891430548758,0.3679522152409527,0.2651563542102894,0,0,True,238
0,641,1,5,0.09523809523809523,6,0,0,0.3165734144140244,0.2737992930981174,0.4096272924878581,0,0,True,238
0,642,14,20,0.2619047619047619,2,0,0,0.4158531088941706,0.07225629100562546,0.5118906001002039,0,0,True,238
0,643,0,0,0.2619047619047619,2,0,0,0.43057972385662646,0.08113624925832504,0.4882840268850485,0,0,True,238
0,644,2,14,0.2619047619047619,2,0,0,0.42911914076412166,0.07578956889794514,0.49509129033793337,0,0,True,238
0,645,19,11,0.0,2,0,0,0.3612439768044141,0.36904843046191477,0.2697075927336712,0,0,True,238
0,629,4,2,0.09523809523809523,6,0,0,0.31982029847420224,0.2663511329167136,0.4138285686090841,0,0,True,239
0,634,7,1,0.2619047619047619,2,0,0,0.41332975144267053,0.07788575234931593,0.5087844962080135,0,0,True,239
0,638,0,18,0.0,2,0,0,0.359368272707221,0.3723245499825282,0.2683071773102507,0,0,True,239
0,639,2,20,0.0,2,0,0,0.3491242163908625,0.378278225855095,0.2725975577540424,0,0,True,239
0,640,16,2,0.0,2,0,0,0.366891430548758,0.3679522152409527,0.2651563542102894,0,0,True,239
0,641,1,5,0.09523809523809523,6,0,0,0.3165734144140244,0.2737992930981174,0.4096272924878581,0,0,True,239
0,642,14,20,0.2619047619047619,2,0,0,0.4158531088941706,0.07225629100562546,0.5118906001002039,0,0,True,239
0,643,0,0,0.2619047619047619,2,0,0,0.43057972385662646,0.08113624925832504,0.4882840268850485,0,0,True,239
0,644,2,14,0.2619047619047619,2,0,0,0.42911914076412166,0.07578956889794514,0.49509129033793337,0,0,True,239
0,645,19,11,0.0,2,0,0,0.3612439768044141,0.36904843046191477,0.2697075927336712,0,0,True,239
0,629,4,2,0.09523809523809523,6,0,0,0.31982029847420224,0.2663511329167136,0.4138285686090841,0,0,True,240
0,634,7,1,0.2619047619047619,2,0,0,0.41332975144267053,0.07788575234931593,0.5087844962080135,0,0,True,240
0,638,0,18,0.0,2,0,0,0.359368272707221,0.3723245499825282,0.2683071773102507,0,0,True,240
0,639,2,20,0.0,2,0,0,0.3491242163908625,0.378278225855095,0.2725975577540424,0,0,True,240
0,640,16,2,0.0,2,0,0,0.366891430548758,0.3679522152409527,0.2651563542102894,0,0,True,240
0,641,1,5,0.09523809523809523,6,0,0,0.3165734144140244,0.2737992930981174,0.4096272924878581,0,0,True,240
0,642,14,20,0.2619047619047619,2,0,0,0.4158531088941706,0.07225629100562546,0.5118906001002039,0,0,True,240
0,643,0,0,0.2619047619047619,2,0,0,0.43057972385662646,0.08113624925832504,0.4882840268850485,0,0,True,240
0,644,2,14,0.2619047619047619,2,0,0,0.42911914076412166,0.07578956889794514,0.49509129033793337,0,0,True,240
0,645,19,11,0.0,2,0,0,0.3612439768044141,0.36904843046191477,0.2697075927336712,0,0,True,240
0,629,4,2,0.09523809523809523,6,0,0,0.31982029847420224,0.2663511329167136,0.4138285686090841,0,0,True,241
0,634,7,1,0.2619047619047619,2,0,0,0.41332975144267053,0.07788575234931593,0.5087844962080135,0,0,True,241
0,638,0,18,0.0,2,0,0,0.359368272707221,0.3723245499825282,0.2683071773102507,0,0,True,241
0,639,2,20,0.0,2,0,0,0.3491242163908625,0.378278225855095,0.2725975577540424,0,0,True,241
0,640,16,2,0.0,2,0,0,0.366891430548758,0.3679522152409527,0.2651563542102894,0,0,True,241
0,641,1,5,0.09523809523809523,6,0,0,0.3165734144140244,0.2737992930981174,0.4096272924878581,0,0,True,241
0,642,14,20,0.2619047619047619,2,0,0,0.4158531088941706,0.07225629100562546,0.5118906001002039,0,0,True,241
0,643,0,0,0.2619047619047619,2,0,0,0.43057972385662646,0.08113624925832504,0.4882840268850485,0,0,True,241
0,644,2,14,0.2619047619047619,2,0,0,0.42911914076412166,0.07578956889794514,0.49509129033793337,0,0,True,241
0,645,19,11,0.0,2,0,0,0.3612439768044141,0.36904843046191477,0.2697075927336712,0,0,True,241
0,629,4,2,0.09523809523809523,6,0,0,0.31982029847420224,0.2663511329167136,0.4138285686090841,0,0,True,242
0,634,7,1,0.2619047619047619,2,0,0,0.41332975144267053,0.07788575234931593,0.5087844962080135,0,0,True,242
0,638,0,18,0.0,2,0,0,0.359368272707221,0.3723245499825282,0.2683071773102507,0,0,True,242
0,639,2,20,0.0,2,0,0,0.3491242163908625,0.378278225855095,0.2725975577540424,0,0,True,242
0,640,16,2,0.0,2,0,0,0.366891430548758,0.3679522152409527,0.2651563542102894,0,0,True,242
0,641,1,5,0.09523809523809523,6,0,0,0.3165734144140244,0.2737992930981174,0.4096272924878581,0,0,True,242
0,642,14,20,0.2619047619047619,2,0,0,0.4158531088941706,0.07225629100562546,0.5118906001002039,0,0,True,242
0,643,0,0,0.2619047619047619,2,0,0,0.43057972385662646,0.08113624925832504,0.4882840268850485,0,0,True,242
0,644,2,14,0.2619047619047619,2,0,0,0.42911914076412166,0.07578956889794514,0.49509129033793337,0,0,True,242
0,645,19,11,0.0,2,0,0,0.3612439768044141,0.36904843046191477,0.2697075927336712,0,0,True,242
0,629,4,2,0.09523809523809523,6,0,0,0.31982029847420224,0.2663511329167136,0.4138285686090841,0,0,True,243
0,634,7,1,0.2619047619047619,2,0,0,0.41332975144267053,0.07788575234931593,0.5087844962080135,0,0,True,243
0,638,0,18,0.0,2,0,0,0.359368272707221,0.3723245499825282,0.2683071773102507,0,0,True,243
0,639,2,20,0.0,2,0,0,0.3491242163908625,0.378278225855095,0.2725975577540424,0,0,True,243
0,640,16,2,0.0,2,0,0,0.366891430548758,0.3679522152409527,0.2651563542102894,0,0,True,243
0,641,1,5,0.09523809523809523,6,0,0,0.3165734144140244,0.2737992930981174,0.4096272924878581,0,0,True,243
0,642,14,20,0.2619047619047619,2,0,0,0.4158531088941706,0.07225629100562546,0.5118906001002039,0,0,True,243
0,643,0,0,0.2619047619047619,2,0,0,0.43057972385662646,0.08113624925832504,0.4882840268850485,0,0,True,243
0,644,2,14,0.2619047619047619,2,0,0,0.42911914076412166,0.07578956889794514,0.49509129033793337,0,0,True,243
0,645,19,11,0.0,2,0,0,0.3612439768044141,0.36904843046191477,0.2697075927336712,0,0,True,243
0,629,4,2,0.09523809523809523,6,0,0,0.31982029847420224,0.2663511329167136,0.4138285686090841,0,0,True,244
0,634,7,1,0.2619047619047619,2,0,0,0.41332975144267053,0.07788575234931593,0.5087844962080135,0,0,True,244
0,638,0,18,0.0,2,0,0,0.359368272707221,0.3723245499825282,0.2683071773102507,0,0,True,244
0,639,2,20,0.0,2,0,0,0.3491242163908625,0.378278225855095,0.2725975577540424,0,0,True,244
0,640,16,2,0.0,2,0,0,0.366891430548758,0.3679522152409527,0.2651563542102894,0,0,True,244
0,641,1,5,0.09523809523809523,6,0,0,0.3165734144140244,0.2737992930981174,0.4096272924878581,0,0,True,244
0,642,14,20,0.2619047619047619,2,0,0,0.4158531088941706,0.07225629100562546,0.5118906001002039,0,0,True,244
0,643,0,0,0.2619047619047619,2,0,0,0.43057972385662646,0.08113624925832504,0.4882840268850485,0,0,True,244
0,644,2,14,0.2619047619047619,2,0,0,0.42911914076412166,0.07578956889794514,0.49509129033793337,0,0,True,244
0,645,19,11,0.0,2,0,0,0.3612439768044141,0.36904843046191477,0.2697075927336712,0,0,True,244
0,629,4,2,0.09523809523809523,6,0,0,0.31982029847420224,0.2663511329167136,0.4138285686090841,0,0,True,245
0,634,7,1,0.2619047619047619,2,0,0,0.41332975144267053,0.07788575234931593,0.5087844962080135,0,0,True,245
0,638,0,18,0.0,2,0,0,0.359368272707221,0.3723245499825282,0.2683071773102507,0,0,True,245
0,639,2,20,0.0,2,0,0,0.3491242163908625,0.378278225855095,0.2725975577540424,0,0,True,245
0,640,16,2,0.0,2,0,0,0.366891430548758,0.3679522152409527,0.2651563542102894,0,0,True,245
0,641,1,5,0.09523809523809523,6,0,0,0.3165734144140244,0.2737992930981174,0.4096272924878581,0,0,True,245
0,642,14,20,0.2619047619047619,2,0,0,0.4158531088941706,0.07225629100562546,0.5118906001002039,0,0,True,245
0,643,0,0,0.2619047619047619,2,0,0,0.43057972385662646,0.08113624925832504,0.4882840268850485,0,0,True,245
0,644,2,14,0.2619047619047619,2,0,0,0.42911914076412166,0.07578956889794514,0.49509129033793337,0,0,True,245
0,645,19,11,0.0,2,0,0,0.3612439768044141,0.36904843046191477,0.2697075927336712,0,0,True,245
0,629,4,2,0.09523809523809523,6,0,0,0.31982029847420224,0.2663511329167136,0.4138285686090841,0,0,True,246
0,634,7,1,0.2619047619047619,2,0,0,0.41332975144267053,0.07788575234931593,0.5087844962080135,0,0,True,246
0,638,0,18,0.0,2,0,0,0.359368272707221,0.3723245499825282,0.2683071773102507,0,0,True,246
0,639,2,20,0.0,2,0,0,0.3491242163908625,0.378278225855095,0.2725975577540424,0,0,True,246
0,640,16,2,0.0,2,0,0,0.366891430548758,0.3679522152409527,0.2651563542102894,0,0,True,246
0,641,1,5,0.09523809523809523,6,0,0,0.3165734144140244,0.2737992930981174,0.4096272924878581,0,0,True,246
0,642,14,20,0.2619047619047619,2,0,0,0.4158531088941706,0.07225629100562546,0.5118906001002039,0,0,True,246
0,643,0,0,0.2619047619047619,2,0,0,0.43057972385662646,0.08113624925832504,0.4882840268850485,0,0,True,246
0,644,2,14,0.2619047619047619,2,0,0,0.42911914076412166,0.07578956889794514,0.49509129033793337,0,0,True,246
0,645,19,11,0.0,2,0,0,0.3612439768044141,0.36904843046191477,0.2697075927336712,0,0,True,246
0,629,4,2,0.09523809523809523,6,0,0,0.31982029847420224,0.2663511329167136,0.4138285686090841,0,0,True,247
0,634,7,1,0.2619047619047619,2,0,0,0.41332975144267053,0.07788575234931593,0.5087844962080135,0,0,True,247
0,638,0,18,0.0,2,0,0,0.359368272707221,0.3723245499825282,0.2683071773102507,0,0,True,247
0,639,2,20,0.0,2,0,0,0.3491242163908625,0.378278225855095,0.2725975577540424,0,0,True,247
0,640,16,2,0.0,2,0,0,0.366891430548758,0.3679522152409527,0.2651563542102894,0,0,True,247
0,641,1,5,0.09523809523809523,6,0,0,0.3165734144140244,0.2737992930981174,0.4096272924878581,0,0,True,247
0,642,14,20,0.2619047619047619,2,0,0,0.4158531088941706,0.07225629100562546,0.5118906001002039,0,0,True,247
0,643,0,0,0.2619047619047619,2,0,0,0.43057972385662646,0.08113624925832504,0.4882840268850485,0,0,True,247
0,644,2,14,0.2619047619047619,2,0,0,0.42911914076412166,0.07578956889794514,0.49509129033793337,0,0,True,247
0,645,19,11,0.0,2,0,0,0.3612439768044141,0.36904843046191477,0.2697075927336712,0,0,True,247
0,629,4,2,0.09523809523809523,6,0,0,0.31982029847420224,0.2663511329167136,0.4138285686090841,0,0,True,248
0,634,7,1,0.2619047619047619,2,0,0,0.41332975144267053,0.07788575234931593,0.5087844962080135,0,0,True,248
0,638,0,18,0.0,2,0,0,0.359368272707221,0.3723245499825282,0.2683071773102507,0,0,True,248
0,639,2,20,0.0,2,0,0,0.3491242163908625,0.378278225855095,0.2725975577540424,0,0,True,248
0,640,16,2,0.0,2,0,0,0.366891430548758,0.3679522152409527,0.2651563542102894,0,0,True,248
0,641,1,5,0.09523809523809523,6,0,0,0.3165734144140244,0.2737992930981174,0.4096272924878581,0,0,True,248
0,642,14,20,0.2619047619047619,2,0,0,0.4158531088941706,0.07225629100562546,0.5118906001002039,0,0,True,248
0,643,0,0,0.2619047619047619,2,0,0,0.43057972385662646,0.08113624925832504,0.4882840268850485,0,0,True,248
0,644,2,14,0.2619047619047619,2,0,0,0.42911914076412166,0.07578956889794514,0.49509129033793337,0,0,True,248
0,645,19,11,0.0,2,0,0,0.3612439768044141,0.36904843046191477,0.2697075927336712,0,0,True,248
0,629,4,2,0.09523809523809523,6,0,0,0.31982029847420224,0.2663511329167136,0.4138285686090841,0,0,True,249
0,634,7,1,0.2619047619047619,2,0,0,0.41332975144267053,0.07788575234931593,0.5087844962080135,0,0,True,249
0,638,0,18,0.0,2,0,0,0.359368272707221,0.3723245499825282,0.2683071773102507,0,0,True,249
0,639,2,20,0.0,2,0,0,0.3491242163908625,0.378278225855095,0.2725975577540424,0,0,True,249
0,640,16,2,0.0,2,0,0,0.366891430548758,0.3679522152409527,0.2651563542102894,0,0,True,249
0,641,1,5,0.09523809523809523,6,0,0,0.3165734144140244,0.2737992930981174,0.4096272924878581,0,0,True,249
0,642,14,20,0.2619047619047619,2,0,0,0.4158531088941706,0.07225629100562546,0.5118906001002039,0,0,True,249
0,643,0,0,0.2619047619047619,2,0,0,0.43057972385662646,0.08113624925832504,0.4882840268850485,0,0,True,249
0,644,2,14,0.2619047619047619,2,0,0,0.42911914076412166,0.07578956889794514,0.49509129033793337,0,0,True,249
0,645,19,11,0.0,2,0,0,0.3612439768044141,0.36904843046191477,0.2697075927336712,0,0,True,249
